ss 1
solv 1
unaligned 1

Transition matrix:
0.0000000 0.0684660 0.0212681 0.4550618 0.4550618 0.0001422
0.0000000 0.9383385 0.0173697 0.0220252 0.0220252 0.0002414
0.0000000 0.1664890 0.7157944 0.0584698 0.0584698 0.0007770
0.0000000 0.0768430 0.0390957 0.8768993 0.0000045 0.0071575
0.0000000 0.0768397 0.0390941 0.0000045 0.8768619 0.0071998
0.0000000 0.2000000 0.2000000 0.2000000 0.2000000 0.2000000

Emission vector for indel state 1:
0.0000000
0.0124340
0.0344006
0.0321780
0.0199830
0.0781430
0.0428018
0.0542753
0.0777675
0.0098938
0.0819566
0.0602398
0.0527107
0.0648194
0.0473629
0.0393274
0.0673331
0.0816529
0.0219144
0.0539594
0.0668464

Emission vector for indel state 2:
0.0000000
0.0124340
0.0344006
0.0321780
0.0199830
0.0781430
0.0428018
0.0542753
0.0777675
0.0098938
0.0819566
0.0602398
0.0527107
0.0648194
0.0473629
0.0393274
0.0673331
0.0816529
0.0219144
0.0539594
0.0668464

Background frequencies:
0.0000000
0.0130943
0.0392555
0.0337982
0.0217588
0.0929387
0.0580356
0.0742498
0.0832357
0.0128140
0.0748388
0.0458486
0.0538641
0.0587412
0.0412874
0.0362436
0.0583080
0.0686212
0.0229008
0.0512614
0.0589045

Emission matrices:
Matrix 1 :
0.0000000 0.0000000 0.0000000 0.0000000 0.0000000 0.0000000 0.0000000 0.0000000 0.0000000 0.0000000 0.0000000 0.0000000 0.0000000 0.0000000 0.0000000 0.0000000 0.0000000 0.0000000 0.0000000 0.0000000 0.0000000
0.0000000 0.0022856 0.0011344 0.0009943 0.0003303 0.0013371 0.0007595 0.0008817 0.0008135 0.0001309 0.0004601 0.0003310 0.0005626 0.0004887 0.0003449 0.0003082 0.0003794 0.0005421 0.0002923 0.0004715 0.0004407
0.0000000 0.0011344 0.0063928 0.0029108 0.0012302 0.0059709 0.0034480 0.0040010 0.0027947 0.0005517 0.0014822 0.0009500 0.0016028 0.0014092 0.0008605 0.0008751 0.0009420 0.0012534 0.0008274 0.0011984 0.0011253
0.0000000 0.0009943 0.0029108 0.0052402 0.0008533 0.0034999 0.0020037 0.0025725 0.0023046 0.0004216 0.0014402 0.0008930 0.0014866 0.0014831 0.0010598 0.0009733 0.0011358 0.0014086 0.0011064 0.0014689 0.0013914
0.0000000 0.0003303 0.0012302 0.0008533 0.0014989 0.0036755 0.0020556 0.0021764 0.0018961 0.0003146 0.0008552 0.0005764 0.0011155 0.0009530 0.0005838 0.0006257 0.0006602 0.0008627 0.0004312 0.0008654 0.0009227
0.0000000 0.0013371 0.0059709 0.0034999 0.0036755 0.0250730 0.0110416 0.0112422 0.0072277 0.0012379 0.0028578 0.0022091 0.0037166 0.0029971 0.0019174 0.0021421 0.0020231 0.0031193 0.0013844 0.0030449 0.0031166
0.0000000 0.0007595 0.0034480 0.0020037 0.0020556 0.0110416 0.0117366 0.0103592 0.0044397 0.0008359 0.0016522 0.0013774 0.0026467 0.0018493 0.0010385 0.0012195 0.0011709 0.0017550 0.0008956 0.0018011 0.0018126
0.0000000 0.0008817 0.0040010 0.0025725 0.0021764 0.0112422 0.0103592 0.0168976 0.0070869 0.0012871 0.0026717 0.0020512 0.0040475 0.0027959 0.0016147 0.0016006 0.0017242 0.0025882 0.0011887 0.0024225 0.0024985
0.0000000 0.0008135 0.0027947 0.0023046 0.0018961 0.0072277 0.0044397 0.0070869 0.0167400 0.0014267 0.0059568 0.0029227 0.0044184 0.0050540 0.0024731 0.0026816 0.0033146 0.0047465 0.0014989 0.0035466 0.0040775
0.0000000 0.0001309 0.0005517 0.0004216 0.0003146 0.0012379 0.0008359 0.0012871 0.0014267 0.0029183 0.0006783 0.0003055 0.0006671 0.0007183 0.0003512 0.0002776 0.0003624 0.0003833 0.0002197 0.0003830 0.0003643
0.0000000 0.0004601 0.0014822 0.0014402 0.0008552 0.0028578 0.0016522 0.0026717 0.0059568 0.0006783 0.0253095 0.0024008 0.0027981 0.0042450 0.0031898 0.0018635 0.0034371 0.0033115 0.0012408 0.0025568 0.0030026
0.0000000 0.0003310 0.0009500 0.0008930 0.0005764 0.0022091 0.0013774 0.0020512 0.0029227 0.0003055 0.0024008 0.0093749 0.0019809 0.0023128 0.0014824 0.0012173 0.0021230 0.0024315 0.0006969 0.0016848 0.0021010
0.0000000 0.0005626 0.0016028 0.0014866 0.0011155 0.0037166 0.0026467 0.0040475 0.0044184 0.0006671 0.0027981 0.0019809 0.0076400 0.0045024 0.0022708 0.0019515 0.0028673 0.0031777 0.0010902 0.0026160 0.0029978
0.0000000 0.0004887 0.0014092 0.0014831 0.0009530 0.0029971 0.0018493 0.0027959 0.0050540 0.0007183 0.0042450 0.0023128 0.0045024 0.0077269 0.0029684 0.0021309 0.0035869 0.0038170 0.0012573 0.0028171 0.0031850
0.0000000 0.0003449 0.0008605 0.0010598 0.0005838 0.0019174 0.0010385 0.0016147 0.0024731 0.0003512 0.0031898 0.0014824 0.0022708 0.0029684 0.0052484 0.0016484 0.0033995 0.0027850 0.0011615 0.0021410 0.0025900
0.0000000 0.0003082 0.0008751 0.0009733 0.0006257 0.0021421 0.0012195 0.0016006 0.0026816 0.0002776 0.0018635 0.0012173 0.0019515 0.0021309 0.0016484 0.0032185 0.0022988 0.0036755 0.0009783 0.0024928 0.0030625
0.0000000 0.0003794 0.0009420 0.0011358 0.0006602 0.0020231 0.0011709 0.0017242 0.0033146 0.0003624 0.0034371 0.0021230 0.0028673 0.0035869 0.0033995 0.0022988 0.0127516 0.0055336 0.0011899 0.0026703 0.0033437
0.0000000 0.0005421 0.0012534 0.0014086 0.0008627 0.0031193 0.0017550 0.0025882 0.0047465 0.0003833 0.0033115 0.0024315 0.0031777 0.0038170 0.0027850 0.0036755 0.0055336 0.0120877 0.0015183 0.0040342 0.0053024
0.0000000 0.0002923 0.0008274 0.0011064 0.0004312 0.0013844 0.0008956 0.0011887 0.0014989 0.0002197 0.0012408 0.0006969 0.0010902 0.0012573 0.0011615 0.0009783 0.0011899 0.0015183 0.0036005 0.0013244 0.0012522
0.0000000 0.0004715 0.0011984 0.0014689 0.0008654 0.0030449 0.0018011 0.0024225 0.0035466 0.0003830 0.0025568 0.0016848 0.0026160 0.0028171 0.0021410 0.0024928 0.0026703 0.0040342 0.0013244 0.0081312 0.0048454
0.0000000 0.0004407 0.0011253 0.0013914 0.0009227 0.0031166 0.0018126 0.0024985 0.0040775 0.0003643 0.0030026 0.0021010 0.0029978 0.0031850 0.0025900 0.0030625 0.0033437 0.0053024 0.0012522 0.0048454 0.0089141

Matrix 2 :
0.0000000 0.0000000 0.0000000 0.0000000 0.0000000 0.0000000 0.0000000 0.0000000 0.0000000 0.0000000 0.0000000 0.0000000 0.0000000 0.0000000 0.0000000 0.0000000 0.0000000 0.0000000 0.0000000 0.0000000 0.0000000
0.0000000 0.0003521 0.0005668 0.0004991 0.0002524 0.0009064 0.0004915 0.0006406 0.0010038 0.0001932 0.0010271 0.0009045 0.0007371 0.0008231 0.0006917 0.0004435 0.0009146 0.0010151 0.0002764 0.0006773 0.0007511
0.0000000 0.0005668 0.0015983 0.0010112 0.0007129 0.0030690 0.0017525 0.0021794 0.0027785 0.0004038 0.0029071 0.0021506 0.0018867 0.0020858 0.0015721 0.0013870 0.0023995 0.0026081 0.0007977 0.0017368 0.0023036
0.0000000 0.0004991 0.0010112 0.0013390 0.0006329 0.0022339 0.0013471 0.0016849 0.0022112 0.0002771 0.0025474 0.0020584 0.0018089 0.0020933 0.0014755 0.0011789 0.0018908 0.0022643 0.0007010 0.0016001 0.0017932
0.0000000 0.0002524 0.0007129 0.0006329 0.0004909 0.0015844 0.0009435 0.0010883 0.0017273 0.0002030 0.0015866 0.0012809 0.0011299 0.0011032 0.0008061 0.0007016 0.0012723 0.0016091 0.0004142 0.0011194 0.0012872
0.0000000 0.0009064 0.0030690 0.0022339 0.0015844 0.0072099 0.0035483 0.0043427 0.0056352 0.0008674 0.0060078 0.0047776 0.0039140 0.0049174 0.0034289 0.0032594 0.0048560 0.0057794 0.0018122 0.0039841 0.0048021
0.0000000 0.0004915 0.0017525 0.0013471 0.0009435 0.0035483 0.0021145 0.0028523 0.0031553 0.0003389 0.0036380 0.0027412 0.0021191 0.0027319 0.0018577 0.0015564 0.0026950 0.0032673 0.0010240 0.0024844 0.0027177
0.0000000 0.0006406 0.0021794 0.0016849 0.0010883 0.0043427 0.0028523 0.0040605 0.0045288 0.0005234 0.0044083 0.0036050 0.0033820 0.0031932 0.0024294 0.0022149 0.0034710 0.0040165 0.0013277 0.0029530 0.0037616
0.0000000 0.0010038 0.0027785 0.0022112 0.0017273 0.0056352 0.0031553 0.0045288 0.0065483 0.0006622 0.0065532 0.0051896 0.0040316 0.0050347 0.0034900 0.0030034 0.0049739 0.0058914 0.0019294 0.0040158 0.0047939
0.0000000 0.0001932 0.0004038 0.0002771 0.0002030 0.0008674 0.0003389 0.0005234 0.0006622 0.0006031 0.0011226 0.0007385 0.0005821 0.0007399 0.0004795 0.0004228 0.0007187 0.0007911 0.0002426 0.0005018 0.0006326
0.0000000 0.0010271 0.0029071 0.0025474 0.0015866 0.0060078 0.0036380 0.0044083 0.0065532 0.0011226 0.0099949 0.0059162 0.0049237 0.0056857 0.0041130 0.0032392 0.0057120 0.0058909 0.0021191 0.0044342 0.0048737
0.0000000 0.0009045 0.0021506 0.0020584 0.0012809 0.0047776 0.0027412 0.0036050 0.0051896 0.0007385 0.0059162 0.0051231 0.0035456 0.0047164 0.0030121 0.0024144 0.0043155 0.0049406 0.0016055 0.0032881 0.0040547
0.0000000 0.0007371 0.0018867 0.0018089 0.0011299 0.0039140 0.0021191 0.0033820 0.0040316 0.0005821 0.0049237 0.0035456 0.0031380 0.0035142 0.0026182 0.0020463 0.0035271 0.0038910 0.0012165 0.0025739 0.0032921
0.0000000 0.0008231 0.0020858 0.0020933 0.0011032 0.0049174 0.0027319 0.0031932 0.0050347 0.0007399 0.0056857 0.0047164 0.0035142 0.0051990 0.0032374 0.0023204 0.0044870 0.0046295 0.0013333 0.0032047 0.0042405
0.0000000 0.0006917 0.0015721 0.0014755 0.0008061 0.0034289 0.0018577 0.0024294 0.0034900 0.0004795 0.0041130 0.0030121 0.0026182 0.0032374 0.0024015 0.0019741 0.0032847 0.0031856 0.0008953 0.0022532 0.0026073
0.0000000 0.0004435 0.0013870 0.0011789 0.0007016 0.0032594 0.0015564 0.0022149 0.0030034 0.0004228 0.0032392 0.0024144 0.0020463 0.0023204 0.0019741 0.0016630 0.0023608 0.0025936 0.0009189 0.0019572 0.0022422
0.0000000 0.0009146 0.0023995 0.0018908 0.0012723 0.0048560 0.0026950 0.0034710 0.0049739 0.0007187 0.0057120 0.0043155 0.0035271 0.0044870 0.0032847 0.0023608 0.0051013 0.0055312 0.0014436 0.0030160 0.0043278
0.0000000 0.0010151 0.0026081 0.0022643 0.0016091 0.0057794 0.0032673 0.0040165 0.0058914 0.0007911 0.0058909 0.0049406 0.0038910 0.0046295 0.0031856 0.0025936 0.0055312 0.0069499 0.0016390 0.0039265 0.0050686
0.0000000 0.0002764 0.0007977 0.0007010 0.0004142 0.0018122 0.0010240 0.0013277 0.0019294 0.0002426 0.0021191 0.0016055 0.0012165 0.0013333 0.0008953 0.0009189 0.0014436 0.0016390 0.0007321 0.0013656 0.0012972
0.0000000 0.0006773 0.0017368 0.0016001 0.0011194 0.0039841 0.0024844 0.0029530 0.0040158 0.0005018 0.0044342 0.0032881 0.0025739 0.0032047 0.0022532 0.0019572 0.0030160 0.0039265 0.0013656 0.0032149 0.0033182
0.0000000 0.0007511 0.0023036 0.0017932 0.0012872 0.0048021 0.0027177 0.0037616 0.0047939 0.0006326 0.0048737 0.0040547 0.0032921 0.0042405 0.0026073 0.0022422 0.0043278 0.0050686 0.0012972 0.0033182 0.0045245


