ss 1
solv 1
unaligned 1

Transition matrix:
0.0000000 0.1406503 0.0239058 0.4176566 0.4176566 0.0001308
0.0000000 0.9598436 0.0084104 0.0156459 0.0156459 0.0004541
0.0000000 0.1937859 0.6759920 0.0644111 0.0644111 0.0014000
0.0000000 0.1184397 0.0371512 0.8329780 0.0000071 0.0114240
0.0000000 0.1184363 0.0371501 0.0000071 0.8329541 0.0114524
0.0000000 0.2000000 0.2000000 0.2000000 0.2000000 0.2000000

Emission vector for indel state 1:
0.0000000
0.0108048
0.0303876
0.0286036
0.0192839
0.0719566
0.0381766
0.0501209
0.0773898
0.0100607
0.0860471
0.0641813
0.0519477
0.0700812
0.0506984
0.0403815
0.0694857
0.0830639
0.0231494
0.0514529
0.0727266

Emission vector for indel state 2:
0.0000000
0.0108048
0.0303876
0.0286036
0.0192839
0.0719566
0.0381766
0.0501209
0.0773898
0.0100607
0.0860471
0.0641813
0.0519477
0.0700812
0.0506984
0.0403815
0.0694857
0.0830639
0.0231494
0.0514529
0.0727266

Background frequencies:
0.0000000
0.0131891
0.0393611
0.0343388
0.0216657
0.0915852
0.0578431
0.0729812
0.0829131
0.0132082
0.0753503
0.0463427
0.0543788
0.0586737
0.0418425
0.0362661
0.0584241
0.0680912
0.0230845
0.0507958
0.0596648

Emission matrices:
Matrix 1 :
0.0000000 0.0000000 0.0000000 0.0000000 0.0000000 0.0000000 0.0000000 0.0000000 0.0000000 0.0000000 0.0000000 0.0000000 0.0000000 0.0000000 0.0000000 0.0000000 0.0000000 0.0000000 0.0000000 0.0000000 0.0000000
0.0000000 0.0051270 0.0011762 0.0011384 0.0002667 0.0010462 0.0004876 0.0005201 0.0005550 0.0000871 0.0002917 0.0002214 0.0003231 0.0003363 0.0002178 0.0002431 0.0002249 0.0003793 0.0002647 0.0003797 0.0003177
0.0000000 0.0011762 0.0121705 0.0040871 0.0011979 0.0055288 0.0028507 0.0028654 0.0018651 0.0003741 0.0008251 0.0006676 0.0010868 0.0009270 0.0006263 0.0006252 0.0005737 0.0008670 0.0007776 0.0008326 0.0008661
0.0000000 0.0011384 0.0040871 0.0107117 0.0006744 0.0026862 0.0015864 0.0018718 0.0017058 0.0003377 0.0008955 0.0006286 0.0010251 0.0010677 0.0008871 0.0007569 0.0008351 0.0010497 0.0011603 0.0011297 0.0010573
0.0000000 0.0002667 0.0011979 0.0006744 0.0031790 0.0040626 0.0021315 0.0020036 0.0015170 0.0002851 0.0005488 0.0004052 0.0009116 0.0007719 0.0004553 0.0006643 0.0004281 0.0007114 0.0003300 0.0007386 0.0007679
0.0000000 0.0010462 0.0055288 0.0026862 0.0040626 0.0333421 0.0108507 0.0098449 0.0053503 0.0009694 0.0017036 0.0016963 0.0030584 0.0021328 0.0013480 0.0017862 0.0013442 0.0022849 0.0011374 0.0024205 0.0024926
0.0000000 0.0004876 0.0028507 0.0015864 0.0021315 0.0108507 0.0156544 0.0112243 0.0034112 0.0006035 0.0009328 0.0010385 0.0022270 0.0013533 0.0007427 0.0009406 0.0007398 0.0012825 0.0006365 0.0012947 0.0013589
0.0000000 0.0005201 0.0028654 0.0018718 0.0020036 0.0098449 0.0112243 0.0214202 0.0062888 0.0011079 0.0015831 0.0016477 0.0038176 0.0022168 0.0011597 0.0013251 0.0011630 0.0021003 0.0008409 0.0018315 0.0021010
0.0000000 0.0005550 0.0018651 0.0017058 0.0015170 0.0053503 0.0034112 0.0062888 0.0239686 0.0014591 0.0057079 0.0027991 0.0039847 0.0057560 0.0022500 0.0024257 0.0028475 0.0044555 0.0011465 0.0029263 0.0036415
0.0000000 0.0000871 0.0003741 0.0003377 0.0002851 0.0009694 0.0006035 0.0011079 0.0014591 0.0047104 0.0005289 0.0002611 0.0006795 0.0006648 0.0002872 0.0001996 0.0002618 0.0002580 0.0001697 0.0002642 0.0002692
0.0000000 0.0002917 0.0008251 0.0008955 0.0005488 0.0017036 0.0009328 0.0015831 0.0057079 0.0005289 0.0369059 0.0018620 0.0022343 0.0038281 0.0029189 0.0015126 0.0030596 0.0026334 0.0009377 0.0018776 0.0024626
0.0000000 0.0002214 0.0006676 0.0006286 0.0004052 0.0016963 0.0010385 0.0016477 0.0027991 0.0002611 0.0018620 0.0173881 0.0016617 0.0021396 0.0011450 0.0010322 0.0019231 0.0022574 0.0005600 0.0014118 0.0019934
0.0000000 0.0003231 0.0010868 0.0010251 0.0009116 0.0030584 0.0022270 0.0038176 0.0039847 0.0006795 0.0022343 0.0016617 0.0125548 0.0052388 0.0023146 0.0018369 0.0024483 0.0030617 0.0009331 0.0022750 0.0029753
0.0000000 0.0003363 0.0009270 0.0010677 0.0007719 0.0021328 0.0013533 0.0022168 0.0057560 0.0006648 0.0038281 0.0021396 0.0052388 0.0117794 0.0029229 0.0019813 0.0034108 0.0034526 0.0011368 0.0024761 0.0029965
0.0000000 0.0002178 0.0006263 0.0008871 0.0004553 0.0013480 0.0007427 0.0011597 0.0022500 0.0002872 0.0029189 0.0011450 0.0023146 0.0029229 0.0095205 0.0017024 0.0037722 0.0025529 0.0011853 0.0018557 0.0025704
0.0000000 0.0002431 0.0006252 0.0007569 0.0006643 0.0017862 0.0009406 0.0013251 0.0024257 0.0001996 0.0015126 0.0010322 0.0018369 0.0019813 0.0017024 0.0057456 0.0021721 0.0039580 0.0010347 0.0024830 0.0032042
0.0000000 0.0002249 0.0005737 0.0008351 0.0004281 0.0013442 0.0007398 0.0011630 0.0028475 0.0002618 0.0030596 0.0019231 0.0024483 0.0034108 0.0037722 0.0021721 0.0187260 0.0062981 0.0010716 0.0021504 0.0030202
0.0000000 0.0003793 0.0008670 0.0010497 0.0007114 0.0022849 0.0012825 0.0021003 0.0044555 0.0002580 0.0026334 0.0022574 0.0030617 0.0034526 0.0025529 0.0039580 0.0062981 0.0179897 0.0012979 0.0036079 0.0052980
0.0000000 0.0002647 0.0007776 0.0011603 0.0003300 0.0011374 0.0006365 0.0008409 0.0011465 0.0001697 0.0009377 0.0005600 0.0009331 0.0011368 0.0011853 0.0010347 0.0010716 0.0012979 0.0060498 0.0012325 0.0012034
0.0000000 0.0003797 0.0008326 0.0011297 0.0007386 0.0024205 0.0012947 0.0018315 0.0029263 0.0002642 0.0018776 0.0014118 0.0022750 0.0024761 0.0018557 0.0024830 0.0021504 0.0036079 0.0012325 0.0137369 0.0058359
0.0000000 0.0003177 0.0008661 0.0010573 0.0007679 0.0024926 0.0013589 0.0021010 0.0036415 0.0002692 0.0024626 0.0019934 0.0029753 0.0029965 0.0025704 0.0032042 0.0030202 0.0052980 0.0012034 0.0058359 0.0131974

Matrix 2 :
0.0000000 0.0000000 0.0000000 0.0000000 0.0000000 0.0000000 0.0000000 0.0000000 0.0000000 0.0000000 0.0000000 0.0000000 0.0000000 0.0000000 0.0000000 0.0000000 0.0000000 0.0000000 0.0000000 0.0000000 0.0000000
0.0000000 0.0007719 0.0002744 0.0005449 0.0002093 0.0008345 0.0004014 0.0004249 0.0007670 0.0001504 0.0009559 0.0006749 0.0004210 0.0007395 0.0006305 0.0006605 0.0008216 0.0007032 0.0002690 0.0006491 0.0005915
0.0000000 0.0002744 0.0020603 0.0011582 0.0007143 0.0031406 0.0014521 0.0019957 0.0023910 0.0003321 0.0024847 0.0025676 0.0016379 0.0020374 0.0014230 0.0012499 0.0021576 0.0023139 0.0006605 0.0015775 0.0021231
0.0000000 0.0005449 0.0011582 0.0016160 0.0005522 0.0021508 0.0012100 0.0016039 0.0018473 0.0003216 0.0024377 0.0017647 0.0014040 0.0024088 0.0013897 0.0013301 0.0020649 0.0023563 0.0008955 0.0012298 0.0018522
0.0000000 0.0002093 0.0007143 0.0005522 0.0008938 0.0018489 0.0008774 0.0011835 0.0014507 0.0002368 0.0017456 0.0017174 0.0009174 0.0014044 0.0009122 0.0006825 0.0010378 0.0012843 0.0004628 0.0010120 0.0012574
0.0000000 0.0008345 0.0031406 0.0021508 0.0018489 0.0073911 0.0028368 0.0037469 0.0055223 0.0006452 0.0051084 0.0051530 0.0037740 0.0048477 0.0028835 0.0026707 0.0045055 0.0050490 0.0015410 0.0031900 0.0048353
0.0000000 0.0004014 0.0014521 0.0012100 0.0008774 0.0028368 0.0026848 0.0022130 0.0025987 0.0002484 0.0026791 0.0026043 0.0020500 0.0021976 0.0017337 0.0015123 0.0026423 0.0030316 0.0008103 0.0019148 0.0026834
0.0000000 0.0004249 0.0019957 0.0016039 0.0011835 0.0037469 0.0022130 0.0042744 0.0040044 0.0004464 0.0038482 0.0035975 0.0031953 0.0033976 0.0021970 0.0019724 0.0039330 0.0037968 0.0010549 0.0024800 0.0030248
0.0000000 0.0007670 0.0023910 0.0018473 0.0014507 0.0055223 0.0025987 0.0040044 0.0069491 0.0007997 0.0066421 0.0049345 0.0040027 0.0053931 0.0036680 0.0026331 0.0048883 0.0053528 0.0013116 0.0038135 0.0050877
0.0000000 0.0001504 0.0003321 0.0003216 0.0002368 0.0006452 0.0002484 0.0004464 0.0007997 0.0008659 0.0008565 0.0007516 0.0005477 0.0009632 0.0004174 0.0003078 0.0006041 0.0006526 0.0001397 0.0004683 0.0006520
0.0000000 0.0009559 0.0024847 0.0024377 0.0017456 0.0051084 0.0026791 0.0038482 0.0066421 0.0008565 0.0148368 0.0061658 0.0041759 0.0068061 0.0041557 0.0030981 0.0057554 0.0057904 0.0021765 0.0042355 0.0051505
0.0000000 0.0006749 0.0025676 0.0017647 0.0017174 0.0051530 0.0026043 0.0035975 0.0049345 0.0007516 0.0061658 0.0088758 0.0038796 0.0047316 0.0034049 0.0024227 0.0043592 0.0051012 0.0016095 0.0031303 0.0042477
0.0000000 0.0004210 0.0016379 0.0014040 0.0009174 0.0037740 0.0020500 0.0031953 0.0040027 0.0005477 0.0041759 0.0038796 0.0048732 0.0041282 0.0027169 0.0022424 0.0037849 0.0039825 0.0011461 0.0025843 0.0034558
0.0000000 0.0007395 0.0020374 0.0024088 0.0014044 0.0048477 0.0021976 0.0033976 0.0053931 0.0009632 0.0068061 0.0047316 0.0041282 0.0063340 0.0032624 0.0027345 0.0051031 0.0051413 0.0016671 0.0029017 0.0045336
0.0000000 0.0006305 0.0014230 0.0013897 0.0009122 0.0028835 0.0017337 0.0021970 0.0036680 0.0004174 0.0041557 0.0034049 0.0027169 0.0032624 0.0032116 0.0016776 0.0034053 0.0035977 0.0009988 0.0024426 0.0034253
0.0000000 0.0006605 0.0012499 0.0013301 0.0006825 0.0026707 0.0015123 0.0019724 0.0026331 0.0003078 0.0030981 0.0024227 0.0022424 0.0027345 0.0016776 0.0018823 0.0027471 0.0030926 0.0010045 0.0021172 0.0026854
0.0000000 0.0008216 0.0021576 0.0020649 0.0010378 0.0045055 0.0026423 0.0039330 0.0048883 0.0006041 0.0057554 0.0043592 0.0037849 0.0051031 0.0034053 0.0027471 0.0060771 0.0054875 0.0014507 0.0032549 0.0048113
0.0000000 0.0007032 0.0023139 0.0023563 0.0012843 0.0050490 0.0030316 0.0037968 0.0053528 0.0006526 0.0057904 0.0051012 0.0039825 0.0051413 0.0035977 0.0030926 0.0054875 0.0079305 0.0016728 0.0036368 0.0058169
0.0000000 0.0002690 0.0006605 0.0008955 0.0004628 0.0015410 0.0008103 0.0010549 0.0013116 0.0001397 0.0021765 0.0016095 0.0011461 0.0016671 0.0009988 0.0010045 0.0014507 0.0016728 0.0012919 0.0013385 0.0013812
0.0000000 0.0006491 0.0015775 0.0012298 0.0010120 0.0031900 0.0019148 0.0024800 0.0038135 0.0004683 0.0042355 0.0031303 0.0025843 0.0029017 0.0024426 0.0021172 0.0032549 0.0036368 0.0013385 0.0038619 0.0041001
0.0000000 0.0005915 0.0021231 0.0018522 0.0012574 0.0048353 0.0026834 0.0030248 0.0050877 0.0006520 0.0051505 0.0042477 0.0034558 0.0045336 0.0034253 0.0026854 0.0048113 0.0058169 0.0013812 0.0041001 0.0053521


