ss 3
solv 2
unaligned 1

Transition matrix:
0.0000000 0.0001477 0.0001477 0.0073544 0.0001477 0.0001477 0.0308534 0.0239828 0.4685354 0.4685354 0.0001477
0.0000000 0.5330663 0.0012388 0.0244702 0.3674996 0.0000560 0.0306581 0.0185485 0.0186204 0.0058344 0.0000076
0.0000000 0.0033351 0.6189358 0.0918946 0.0007085 0.1856319 0.0610580 0.0170269 0.0135696 0.0078334 0.0000063
0.0000000 0.0325276 0.1249584 0.2799844 0.0246975 0.0572375 0.3390947 0.0554240 0.0453511 0.0405999 0.0001250
0.0000000 0.4456100 0.0004102 0.0323140 0.4224619 0.0000234 0.0422753 0.0253552 0.0206306 0.0109102 0.0000094
0.0000000 0.0062860 0.5383091 0.0969764 0.0013923 0.2258308 0.0711727 0.0244167 0.0207661 0.0148329 0.0000170
0.0000000 0.0310108 0.0787175 0.2402119 0.0409699 0.0489397 0.3902221 0.0588969 0.0382371 0.0720954 0.0006986
0.0000000 0.0161827 0.0168003 0.0320560 0.0162110 0.0102675 0.0554414 0.7434220 0.0545967 0.0545967 0.0004258
0.0000000 0.0051936 0.0058143 0.0119545 0.0038697 0.0032062 0.0153872 0.0403014 0.9093828 0.0000031 0.0048872
0.0000000 0.0022982 0.0027886 0.0108644 0.0027657 0.0021737 0.0245355 0.0403019 0.0000031 0.9093932 0.0048759
0.0000000 0.1000000 0.1000000 0.1000000 0.1000000 0.1000000 0.1000000 0.1000000 0.1000000 0.1000000 0.1000000

Emission vector for indel state 1:
0.0000000
0.0148636
0.0372999
0.0355253
0.0203471
0.0808902
0.0447983
0.0553679
0.0758452
0.0107846
0.0770572
0.0567770
0.0550902
0.0646873
0.0490557
0.0399354
0.0661735
0.0754515
0.0223709
0.0524871
0.0651922

Emission vector for indel state 2:
0.0000000
0.0148636
0.0372999
0.0355253
0.0203471
0.0808902
0.0447983
0.0553679
0.0758452
0.0107846
0.0770572
0.0567770
0.0550902
0.0646873
0.0490557
0.0399354
0.0661735
0.0754515
0.0223709
0.0524871
0.0651922

Background frequencies:
0.0000000
0.0145211
0.0416972
0.0365313
0.0220610
0.0912118
0.0573394
0.0710501
0.0798825
0.0128565
0.0724445
0.0458587
0.0558434
0.0610202
0.0438345
0.0376260
0.0585862
0.0659619
0.0232451
0.0499801
0.0584485

Emission matrices:
Matrix 1 :
0.0000000 0.0000000 0.0000000 0.0000000 0.0000000 0.0000000 0.0000000 0.0000000 0.0000000 0.0000000 0.0000000 0.0000000 0.0000000 0.0000000 0.0000000 0.0000000 0.0000000 0.0000000 0.0000000 0.0000000 0.0000000
0.0000000 0.0008571 0.0014995 0.0013624 0.0007364 0.0029141 0.0017739 0.0016001 0.0022115 0.0002515 0.0007643 0.0003872 0.0008580 0.0007400 0.0005792 0.0007532 0.0007233 0.0011313 0.0004600 0.0009577 0.0008763
0.0000000 0.0014269 0.0046215 0.0033337 0.0021559 0.0126392 0.0054876 0.0053342 0.0062989 0.0007932 0.0020219 0.0009125 0.0022950 0.0021691 0.0015067 0.0016232 0.0016561 0.0023322 0.0011963 0.0019374 0.0016923
0.0000000 0.0012693 0.0031855 0.0023599 0.0015819 0.0070465 0.0032870 0.0036423 0.0051042 0.0006885 0.0016782 0.0007224 0.0018568 0.0018550 0.0013212 0.0013796 0.0015047 0.0023045 0.0011479 0.0018625 0.0018013
0.0000000 0.0007348 0.0021846 0.0016703 0.0013880 0.0076074 0.0035623 0.0036718 0.0044974 0.0006834 0.0013510 0.0005631 0.0017134 0.0015214 0.0008950 0.0010951 0.0010342 0.0015435 0.0005925 0.0015936 0.0013614
0.0000000 0.0028967 0.0129819 0.0075469 0.0075150 0.0337783 0.0199203 0.0183169 0.0206635 0.0029172 0.0054374 0.0027616 0.0073391 0.0062943 0.0034266 0.0049009 0.0046366 0.0061157 0.0028949 0.0064867 0.0060021
0.0000000 0.0018163 0.0058547 0.0037905 0.0035296 0.0204025 0.0082908 0.0104445 0.0107238 0.0015413 0.0027596 0.0013660 0.0035544 0.0034583 0.0019263 0.0023686 0.0020575 0.0030886 0.0015711 0.0032504 0.0030730
0.0000000 0.0016448 0.0055648 0.0041390 0.0037165 0.0185354 0.0102189 0.0073320 0.0119729 0.0016601 0.0032108 0.0014808 0.0041166 0.0037540 0.0020287 0.0025686 0.0024426 0.0036466 0.0015676 0.0032999 0.0033155
0.0000000 0.0021734 0.0065025 0.0052107 0.0045580 0.0213169 0.0107809 0.0119535 0.0195900 0.0026832 0.0073974 0.0023549 0.0064491 0.0066222 0.0036047 0.0043689 0.0039135 0.0058566 0.0023492 0.0053687 0.0056038
0.0000000 0.0002772 0.0008531 0.0006574 0.0006078 0.0029974 0.0014998 0.0016117 0.0026671 0.0010503 0.0006967 0.0002202 0.0007880 0.0008298 0.0004968 0.0005524 0.0003907 0.0007916 0.0003575 0.0007082 0.0005646
0.0000000 0.0004968 0.0014186 0.0011736 0.0009514 0.0038909 0.0019804 0.0024110 0.0058759 0.0004813 0.0048186 0.0008491 0.0018100 0.0023254 0.0012227 0.0010996 0.0011809 0.0018843 0.0007407 0.0015013 0.0012993
0.0000000 0.0002351 0.0006070 0.0004943 0.0003698 0.0017215 0.0009392 0.0010208 0.0015472 0.0001601 0.0008004 0.0006973 0.0007798 0.0007029 0.0004128 0.0004783 0.0005952 0.0006934 0.0002859 0.0006289 0.0005814
0.0000000 0.0006357 0.0019945 0.0015499 0.0014310 0.0061872 0.0029295 0.0034971 0.0054382 0.0006839 0.0019337 0.0008657 0.0021970 0.0024247 0.0012017 0.0015441 0.0015263 0.0020106 0.0009056 0.0017332 0.0017881
0.0000000 0.0004693 0.0017333 0.0015452 0.0011308 0.0047613 0.0024252 0.0029760 0.0055455 0.0006941 0.0023669 0.0009107 0.0022558 0.0019883 0.0013012 0.0014125 0.0015530 0.0019681 0.0009437 0.0020755 0.0017883
0.0000000 0.0002821 0.0008089 0.0007118 0.0005901 0.0021140 0.0011182 0.0012732 0.0021789 0.0003203 0.0009372 0.0003942 0.0009779 0.0011658 0.0009035 0.0008498 0.0009687 0.0012682 0.0005289 0.0012023 0.0011965
0.0000000 0.0004335 0.0010829 0.0010555 0.0007801 0.0030533 0.0014582 0.0016332 0.0028690 0.0003174 0.0010034 0.0004316 0.0012532 0.0012928 0.0008513 0.0010188 0.0011902 0.0017602 0.0006120 0.0014742 0.0013674
0.0000000 0.0003437 0.0008844 0.0008092 0.0005120 0.0019388 0.0008887 0.0012652 0.0021124 0.0002138 0.0008628 0.0004143 0.0011042 0.0011785 0.0010692 0.0010172 0.0018467 0.0020337 0.0005056 0.0011619 0.0012110
0.0000000 0.0005688 0.0012825 0.0013254 0.0008114 0.0034026 0.0015639 0.0021097 0.0035078 0.0004462 0.0014844 0.0006424 0.0015433 0.0016129 0.0011280 0.0014965 0.0020403 0.0030553 0.0007626 0.0019791 0.0018914
0.0000000 0.0003089 0.0007402 0.0007976 0.0004369 0.0019483 0.0011154 0.0010450 0.0017002 0.0003006 0.0006881 0.0004189 0.0008284 0.0007649 0.0005405 0.0006935 0.0006666 0.0009305 0.0015450 0.0009565 0.0008433
0.0000000 0.0005728 0.0012280 0.0012790 0.0008333 0.0037109 0.0018130 0.0019344 0.0030501 0.0004502 0.0012460 0.0006057 0.0013347 0.0016371 0.0012642 0.0013871 0.0013745 0.0020081 0.0006963 0.0020144 0.0021603
0.0000000 0.0002410 0.0007298 0.0007273 0.0005538 0.0023765 0.0011684 0.0013251 0.0023019 0.0002174 0.0007615 0.0003769 0.0010631 0.0010656 0.0007612 0.0009465 0.0009610 0.0013237 0.0004786 0.0013568 0.0022242

Matrix 2 :
0.0000000 0.0000000 0.0000000 0.0000000 0.0000000 0.0000000 0.0000000 0.0000000 0.0000000 0.0000000 0.0000000 0.0000000 0.0000000 0.0000000 0.0000000 0.0000000 0.0000000 0.0000000 0.0000000 0.0000000 0.0000000
0.0000000 0.0015866 0.0015847 0.0012836 0.0004893 0.0022692 0.0018569 0.0023054 0.0012434 0.0003203 0.0009823 0.0004513 0.0010059 0.0007798 0.0004399 0.0003633 0.0004186 0.0006638 0.0004171 0.0006761 0.0006835
0.0000000 0.0016958 0.0054336 0.0042788 0.0021611 0.0100214 0.0094598 0.0108909 0.0048305 0.0013380 0.0032751 0.0014836 0.0035656 0.0027780 0.0013984 0.0013670 0.0014984 0.0016999 0.0015375 0.0016624 0.0016533
0.0000000 0.0014398 0.0043055 0.0037839 0.0011790 0.0059744 0.0051024 0.0070142 0.0034517 0.0010988 0.0025336 0.0010074 0.0029405 0.0024127 0.0012803 0.0011813 0.0013393 0.0016542 0.0014331 0.0017817 0.0018612
0.0000000 0.0005342 0.0019844 0.0011763 0.0006626 0.0037216 0.0031709 0.0043165 0.0017402 0.0005170 0.0013703 0.0005970 0.0013425 0.0012519 0.0006940 0.0004867 0.0006206 0.0007404 0.0005237 0.0007752 0.0007315
0.0000000 0.0024361 0.0098454 0.0061539 0.0039613 0.0174991 0.0191482 0.0229379 0.0084449 0.0024409 0.0053169 0.0028689 0.0059757 0.0045030 0.0023261 0.0022041 0.0025763 0.0028140 0.0020222 0.0030533 0.0029548
0.0000000 0.0020232 0.0098948 0.0054662 0.0034097 0.0197403 0.0156069 0.0246014 0.0083300 0.0023469 0.0046914 0.0025223 0.0057541 0.0042619 0.0021418 0.0019200 0.0022123 0.0024928 0.0018970 0.0027996 0.0027201
0.0000000 0.0025139 0.0115276 0.0076310 0.0046177 0.0241396 0.0248566 0.0253642 0.0117248 0.0034589 0.0071293 0.0034517 0.0086722 0.0061473 0.0031139 0.0028354 0.0031257 0.0038952 0.0028928 0.0040821 0.0043407
0.0000000 0.0012470 0.0044717 0.0032477 0.0016555 0.0082162 0.0076720 0.0108463 0.0053408 0.0016480 0.0056876 0.0020232 0.0042294 0.0038687 0.0018469 0.0014615 0.0018997 0.0022838 0.0014739 0.0022300 0.0021565
0.0000000 0.0003917 0.0013801 0.0011666 0.0005549 0.0025243 0.0023008 0.0033196 0.0017536 0.0020428 0.0013775 0.0005543 0.0013419 0.0010438 0.0006004 0.0004751 0.0005527 0.0006581 0.0004143 0.0006706 0.0005641
0.0000000 0.0007574 0.0025505 0.0019746 0.0010569 0.0041481 0.0034588 0.0052565 0.0050010 0.0009748 0.0071880 0.0012549 0.0030922 0.0031281 0.0015352 0.0011382 0.0016072 0.0017489 0.0010103 0.0015481 0.0016615
0.0000000 0.0002157 0.0007181 0.0004678 0.0002949 0.0015146 0.0011438 0.0015388 0.0010560 0.0002489 0.0008454 0.0013235 0.0008079 0.0007590 0.0006317 0.0003237 0.0005089 0.0004976 0.0002999 0.0004199 0.0004928
0.0000000 0.0009060 0.0030209 0.0024219 0.0011405 0.0050547 0.0047585 0.0070182 0.0038767 0.0010859 0.0032554 0.0014575 0.0039926 0.0035790 0.0018458 0.0015621 0.0020622 0.0024815 0.0014806 0.0025259 0.0024017
0.0000000 0.0006963 0.0023250 0.0021024 0.0010838 0.0037756 0.0032628 0.0045601 0.0032647 0.0009324 0.0032888 0.0012636 0.0036001 0.0029062 0.0018759 0.0014742 0.0019453 0.0022545 0.0013363 0.0018961 0.0019085
0.0000000 0.0002872 0.0007769 0.0008709 0.0004601 0.0015245 0.0013223 0.0017653 0.0012728 0.0004135 0.0012466 0.0005272 0.0014217 0.0013521 0.0015211 0.0005939 0.0010602 0.0009035 0.0006952 0.0009863 0.0007408
0.0000000 0.0002769 0.0009749 0.0008889 0.0003584 0.0015339 0.0013577 0.0017431 0.0010613 0.0003062 0.0009719 0.0004161 0.0013056 0.0011302 0.0007188 0.0005707 0.0006188 0.0009035 0.0004881 0.0009725 0.0009312
0.0000000 0.0002588 0.0007987 0.0009907 0.0003592 0.0015154 0.0011625 0.0015251 0.0011691 0.0003224 0.0012438 0.0006066 0.0014682 0.0015827 0.0011450 0.0006244 0.0033651 0.0015345 0.0007568 0.0012508 0.0008376
0.0000000 0.0003616 0.0010591 0.0010629 0.0004675 0.0015511 0.0013934 0.0021730 0.0015001 0.0003470 0.0014912 0.0006128 0.0018285 0.0016479 0.0008433 0.0009238 0.0014894 0.0017688 0.0006955 0.0013257 0.0012873
0.0000000 0.0004778 0.0014021 0.0012408 0.0004708 0.0016807 0.0015450 0.0022473 0.0012571 0.0003407 0.0011302 0.0004442 0.0013508 0.0012450 0.0007879 0.0006076 0.0008516 0.0009362 0.0015835 0.0009139 0.0009421
0.0000000 0.0004319 0.0009532 0.0011187 0.0004511 0.0017505 0.0015297 0.0021614 0.0014735 0.0003670 0.0012869 0.0006148 0.0017407 0.0012568 0.0008429 0.0007618 0.0012444 0.0011308 0.0005738 0.0017408 0.0015498
0.0000000 0.0003773 0.0007306 0.0008612 0.0003797 0.0012989 0.0011965 0.0017646 0.0009968 0.0002477 0.0009544 0.0004419 0.0012264 0.0010177 0.0005735 0.0006191 0.0007346 0.0009938 0.0006090 0.0011908 0.0012385

Matrix 3 :
0.0000000 0.0000000 0.0000000 0.0000000 0.0000000 0.0000000 0.0000000 0.0000000 0.0000000 0.0000000 0.0000000 0.0000000 0.0000000 0.0000000 0.0000000 0.0000000 0.0000000 0.0000000 0.0000000 0.0000000 0.0000000
0.0000000 0.0008428 0.0011569 0.0009524 0.0004551 0.0016185 0.0011693 0.0012367 0.0012762 0.0002754 0.0010636 0.0007192 0.0009496 0.0008556 0.0007149 0.0005474 0.0008420 0.0009705 0.0004421 0.0007277 0.0006346
0.0000000 0.0011120 0.0036055 0.0026457 0.0014323 0.0068401 0.0043439 0.0048064 0.0044117 0.0008362 0.0039238 0.0025395 0.0025627 0.0027651 0.0018728 0.0012534 0.0020868 0.0017381 0.0012677 0.0018180 0.0019038
0.0000000 0.0007878 0.0022106 0.0020355 0.0009314 0.0038203 0.0027032 0.0029943 0.0028661 0.0005734 0.0031430 0.0017772 0.0017567 0.0020568 0.0017078 0.0011215 0.0020788 0.0016331 0.0011660 0.0013958 0.0013329
0.0000000 0.0004026 0.0014059 0.0009450 0.0008200 0.0033748 0.0019230 0.0023661 0.0019659 0.0004086 0.0021481 0.0012665 0.0012100 0.0012555 0.0008557 0.0006009 0.0011734 0.0008979 0.0007438 0.0008743 0.0010467
0.0000000 0.0015506 0.0065253 0.0041075 0.0033681 0.0145375 0.0096163 0.0106252 0.0084809 0.0018232 0.0067068 0.0048223 0.0052980 0.0048768 0.0033392 0.0024439 0.0039008 0.0036641 0.0019211 0.0035992 0.0038957
0.0000000 0.0009810 0.0034998 0.0022387 0.0018019 0.0088528 0.0042784 0.0069619 0.0046113 0.0009378 0.0035640 0.0026868 0.0029566 0.0027469 0.0017345 0.0013020 0.0021926 0.0019290 0.0010626 0.0020571 0.0020323
0.0000000 0.0009973 0.0037627 0.0025957 0.0021680 0.0087003 0.0067614 0.0061771 0.0065780 0.0015532 0.0050064 0.0038807 0.0042886 0.0035825 0.0022300 0.0016240 0.0027730 0.0026282 0.0014584 0.0025544 0.0025287
0.0000000 0.0010996 0.0040647 0.0032549 0.0019472 0.0076805 0.0052559 0.0073267 0.0075713 0.0018958 0.0086569 0.0045928 0.0051538 0.0059057 0.0035051 0.0023261 0.0045679 0.0035245 0.0019279 0.0033768 0.0036137
0.0000000 0.0002593 0.0009730 0.0008785 0.0005171 0.0021242 0.0012920 0.0021504 0.0022532 0.0018116 0.0019352 0.0009295 0.0014151 0.0017809 0.0010245 0.0006795 0.0010508 0.0008083 0.0005400 0.0008671 0.0008482
0.0000000 0.0010579 0.0035054 0.0034464 0.0022073 0.0063693 0.0041067 0.0057051 0.0086947 0.0016828 0.0220309 0.0054285 0.0056173 0.0075070 0.0051339 0.0027434 0.0053705 0.0044637 0.0023944 0.0042489 0.0042459
0.0000000 0.0008512 0.0031414 0.0026438 0.0016516 0.0059819 0.0040795 0.0057708 0.0057739 0.0010054 0.0060818 0.0079328 0.0040963 0.0048202 0.0029651 0.0021771 0.0041268 0.0032141 0.0018300 0.0032442 0.0037478
0.0000000 0.0007618 0.0023422 0.0020000 0.0012570 0.0050400 0.0032611 0.0046219 0.0048904 0.0010012 0.0049827 0.0026371 0.0039731 0.0047325 0.0029931 0.0018382 0.0030583 0.0023642 0.0015019 0.0022812 0.0021522
0.0000000 0.0008072 0.0026307 0.0022157 0.0015729 0.0050847 0.0033218 0.0046459 0.0062400 0.0013627 0.0071010 0.0037438 0.0050414 0.0064343 0.0041275 0.0020844 0.0048800 0.0032701 0.0018114 0.0031485 0.0030621
0.0000000 0.0005675 0.0013841 0.0014009 0.0008456 0.0026649 0.0016224 0.0023896 0.0028152 0.0006503 0.0040166 0.0019178 0.0026727 0.0036141 0.0034347 0.0012864 0.0033948 0.0017867 0.0011392 0.0017522 0.0017889
0.0000000 0.0003055 0.0008353 0.0009298 0.0003893 0.0018848 0.0008722 0.0011300 0.0016073 0.0003781 0.0016645 0.0010400 0.0013675 0.0012928 0.0008861 0.0008846 0.0014100 0.0010432 0.0007540 0.0009035 0.0010624
0.0000000 0.0006435 0.0014739 0.0015257 0.0009980 0.0027737 0.0017059 0.0025064 0.0034333 0.0006188 0.0039269 0.0022904 0.0028952 0.0035260 0.0031409 0.0018192 0.0093881 0.0032856 0.0014137 0.0021684 0.0024290
0.0000000 0.0003329 0.0008581 0.0008948 0.0004679 0.0017479 0.0009048 0.0014993 0.0019298 0.0003221 0.0024034 0.0012680 0.0013247 0.0015485 0.0012935 0.0008938 0.0024070 0.0015931 0.0006511 0.0011266 0.0010754
0.0000000 0.0003045 0.0009650 0.0010723 0.0006387 0.0018268 0.0012439 0.0015238 0.0017891 0.0003635 0.0020945 0.0012884 0.0012793 0.0015154 0.0013692 0.0009100 0.0015845 0.0009728 0.0033249 0.0009998 0.0008872
0.0000000 0.0003558 0.0008708 0.0010078 0.0005051 0.0017169 0.0014071 0.0015956 0.0018171 0.0003202 0.0024231 0.0015845 0.0014555 0.0016967 0.0012759 0.0009597 0.0016081 0.0012881 0.0007502 0.0017574 0.0015435
0.0000000 0.0002283 0.0006570 0.0006890 0.0003858 0.0013849 0.0006761 0.0009861 0.0011665 0.0002056 0.0014523 0.0010006 0.0008884 0.0009556 0.0007788 0.0006452 0.0009331 0.0007549 0.0005498 0.0009633 0.0013848

Matrix 4 :
0.0000000 0.0000000 0.0000000 0.0000000 0.0000000 0.0000000 0.0000000 0.0000000 0.0000000 0.0000000 0.0000000 0.0000000 0.0000000 0.0000000 0.0000000 0.0000000 0.0000000 0.0000000 0.0000000 0.0000000 0.0000000
0.0000000 0.0001378 0.0002430 0.0003023 0.0001405 0.0005733 0.0003112 0.0003307 0.0007845 0.0000766 0.0002924 0.0001785 0.0003263 0.0003910 0.0002830 0.0004389 0.0004598 0.0006542 0.0001536 0.0005393 0.0004647
0.0000000 0.0002263 0.0005804 0.0006508 0.0004221 0.0018508 0.0008743 0.0009341 0.0015483 0.0001346 0.0007432 0.0004583 0.0008321 0.0009624 0.0006062 0.0008115 0.0009805 0.0014279 0.0003541 0.0011112 0.0012187
0.0000000 0.0003963 0.0008823 0.0007635 0.0004740 0.0021676 0.0009499 0.0013501 0.0023451 0.0001634 0.0010801 0.0006954 0.0011051 0.0012765 0.0010430 0.0011392 0.0013721 0.0022439 0.0005103 0.0017414 0.0018793
0.0000000 0.0001768 0.0004708 0.0004794 0.0002911 0.0014310 0.0007373 0.0009036 0.0016317 0.0000980 0.0006788 0.0003923 0.0008836 0.0007561 0.0006412 0.0008666 0.0008357 0.0015474 0.0003424 0.0010819 0.0010559
0.0000000 0.0005596 0.0019430 0.0017482 0.0014680 0.0044977 0.0029714 0.0031732 0.0057240 0.0004819 0.0025055 0.0014674 0.0026026 0.0027145 0.0021655 0.0029362 0.0030333 0.0054930 0.0012319 0.0036691 0.0042891
0.0000000 0.0002863 0.0008887 0.0008269 0.0007553 0.0026642 0.0010455 0.0016984 0.0026426 0.0001898 0.0010292 0.0008130 0.0010902 0.0013083 0.0010683 0.0012046 0.0013421 0.0023036 0.0006261 0.0016960 0.0018996
0.0000000 0.0003541 0.0010461 0.0010913 0.0007687 0.0031326 0.0017630 0.0012597 0.0033134 0.0002878 0.0014316 0.0009265 0.0015271 0.0019093 0.0012296 0.0016180 0.0019202 0.0031694 0.0007650 0.0020925 0.0024728
0.0000000 0.0009254 0.0019037 0.0024927 0.0016612 0.0057046 0.0026498 0.0036432 0.0076325 0.0005801 0.0040864 0.0027062 0.0039474 0.0055785 0.0041614 0.0056331 0.0070307 0.0112594 0.0019392 0.0070597 0.0081884
0.0000000 0.0000402 0.0000839 0.0001266 0.0000960 0.0002902 0.0001253 0.0001764 0.0003415 0.0002382 0.0001486 0.0001112 0.0001733 0.0002401 0.0002268 0.0002498 0.0001661 0.0003059 0.0001005 0.0003054 0.0002468
0.0000000 0.0003439 0.0007793 0.0008282 0.0006271 0.0019289 0.0009759 0.0012070 0.0031507 0.0001991 0.0023460 0.0011840 0.0015386 0.0018553 0.0013760 0.0015006 0.0023276 0.0033407 0.0006566 0.0019744 0.0022861
0.0000000 0.0001931 0.0005196 0.0006061 0.0003623 0.0013295 0.0007914 0.0009232 0.0022390 0.0001311 0.0014343 0.0013556 0.0009148 0.0016020 0.0010816 0.0012876 0.0015650 0.0029655 0.0005681 0.0015328 0.0018581
0.0000000 0.0004847 0.0010660 0.0012367 0.0009334 0.0032840 0.0013209 0.0018121 0.0042198 0.0002961 0.0021274 0.0011381 0.0021439 0.0032041 0.0020603 0.0027843 0.0032946 0.0050738 0.0009678 0.0036321 0.0040084
0.0000000 0.0005082 0.0012480 0.0012984 0.0008104 0.0029411 0.0016422 0.0019702 0.0053298 0.0003536 0.0025858 0.0017732 0.0030907 0.0029060 0.0026745 0.0035405 0.0041634 0.0064199 0.0010948 0.0045490 0.0050014
0.0000000 0.0004273 0.0010444 0.0012882 0.0007390 0.0025873 0.0014410 0.0014744 0.0044981 0.0003458 0.0019858 0.0013333 0.0021274 0.0028012 0.0020536 0.0030102 0.0034356 0.0054258 0.0012235 0.0036547 0.0041664
0.0000000 0.0007889 0.0015850 0.0016748 0.0012352 0.0048048 0.0021896 0.0027150 0.0072631 0.0005958 0.0027122 0.0019649 0.0034660 0.0045506 0.0036330 0.0040791 0.0055375 0.0094961 0.0016326 0.0060184 0.0072923
0.0000000 0.0006657 0.0016436 0.0015943 0.0011568 0.0048199 0.0020078 0.0026478 0.0076309 0.0003569 0.0033774 0.0022887 0.0037756 0.0049401 0.0036866 0.0051384 0.0054870 0.0112549 0.0016645 0.0058490 0.0078181
0.0000000 0.0013904 0.0029544 0.0034431 0.0024910 0.0089875 0.0042183 0.0052735 0.0141698 0.0008357 0.0059870 0.0043216 0.0064490 0.0084984 0.0067673 0.0096803 0.0127001 0.0163836 0.0032418 0.0115619 0.0143251
0.0000000 0.0002481 0.0006533 0.0007584 0.0004280 0.0017539 0.0009713 0.0010848 0.0022841 0.0001909 0.0010808 0.0007901 0.0011272 0.0013499 0.0012198 0.0014230 0.0015596 0.0026103 0.0007948 0.0018061 0.0022568
0.0000000 0.0009978 0.0022721 0.0024782 0.0018917 0.0070170 0.0033328 0.0036999 0.0097062 0.0007155 0.0037989 0.0026178 0.0045847 0.0061068 0.0041842 0.0064143 0.0063976 0.0113113 0.0023556 0.0067101 0.0100808
0.0000000 0.0011415 0.0025744 0.0031486 0.0019120 0.0083801 0.0038876 0.0047634 0.0121958 0.0007346 0.0046461 0.0031725 0.0052665 0.0068797 0.0055561 0.0079306 0.0089571 0.0144788 0.0030004 0.0107360 0.0097181

Matrix 5 :
0.0000000 0.0000000 0.0000000 0.0000000 0.0000000 0.0000000 0.0000000 0.0000000 0.0000000 0.0000000 0.0000000 0.0000000 0.0000000 0.0000000 0.0000000 0.0000000 0.0000000 0.0000000 0.0000000 0.0000000 0.0000000
0.0000000 0.0004434 0.0007178 0.0007946 0.0002583 0.0009021 0.0007783 0.0011043 0.0007998 0.0002157 0.0006625 0.0005405 0.0011136 0.0009973 0.0004621 0.0005331 0.0007180 0.0008051 0.0004325 0.0006670 0.0008031
0.0000000 0.0006044 0.0011909 0.0018935 0.0006112 0.0022538 0.0023087 0.0027607 0.0015868 0.0003954 0.0016341 0.0011364 0.0025221 0.0020988 0.0010560 0.0011038 0.0011343 0.0017409 0.0009124 0.0016217 0.0015075
0.0000000 0.0006529 0.0021856 0.0016092 0.0007808 0.0031696 0.0024113 0.0034065 0.0018676 0.0005426 0.0018696 0.0014733 0.0034564 0.0028349 0.0014764 0.0016886 0.0016221 0.0025625 0.0012146 0.0024931 0.0026915
0.0000000 0.0002040 0.0007707 0.0006876 0.0002604 0.0009954 0.0010084 0.0012185 0.0008015 0.0001589 0.0009564 0.0005116 0.0011396 0.0010272 0.0005444 0.0005219 0.0007330 0.0010628 0.0004199 0.0010354 0.0009020
0.0000000 0.0007449 0.0021677 0.0023981 0.0008729 0.0033387 0.0039902 0.0051660 0.0028919 0.0006259 0.0023547 0.0018718 0.0040598 0.0031075 0.0019686 0.0020092 0.0023532 0.0033105 0.0014343 0.0028652 0.0030711
0.0000000 0.0006952 0.0021288 0.0019954 0.0009127 0.0039245 0.0023050 0.0046175 0.0023969 0.0005602 0.0019984 0.0016554 0.0035387 0.0027714 0.0017031 0.0015884 0.0018240 0.0030605 0.0012009 0.0023713 0.0024024
0.0000000 0.0008403 0.0025794 0.0025304 0.0010833 0.0049466 0.0043434 0.0045712 0.0035384 0.0007817 0.0031827 0.0022271 0.0057080 0.0039030 0.0024636 0.0026322 0.0026935 0.0045081 0.0018420 0.0038026 0.0040007
0.0000000 0.0006212 0.0013807 0.0012516 0.0005940 0.0021757 0.0018648 0.0031000 0.0018919 0.0003510 0.0021472 0.0016203 0.0028508 0.0025127 0.0013651 0.0015819 0.0018523 0.0024505 0.0007619 0.0021488 0.0021471
0.0000000 0.0000937 0.0001758 0.0002336 0.0001067 0.0003416 0.0003167 0.0005482 0.0002640 0.0000570 0.0003656 0.0003055 0.0004131 0.0004951 0.0002614 0.0003114 0.0003230 0.0003745 0.0002471 0.0003787 0.0003363
0.0000000 0.0005145 0.0013605 0.0014198 0.0007184 0.0020565 0.0016112 0.0027201 0.0025552 0.0005099 0.0055402 0.0015333 0.0025997 0.0025825 0.0019152 0.0015224 0.0021313 0.0023166 0.0011348 0.0019854 0.0022778
0.0000000 0.0003503 0.0007713 0.0008398 0.0003056 0.0014850 0.0010372 0.0017445 0.0017147 0.0002161 0.0014004 0.0020656 0.0019950 0.0017021 0.0011087 0.0010003 0.0016637 0.0019549 0.0005336 0.0015254 0.0018090
0.0000000 0.0012224 0.0033669 0.0038092 0.0015963 0.0051811 0.0044415 0.0074654 0.0044269 0.0011709 0.0045213 0.0031323 0.0077474 0.0073304 0.0044090 0.0044576 0.0048683 0.0072845 0.0025937 0.0059237 0.0067752
0.0000000 0.0009119 0.0021102 0.0026054 0.0011279 0.0038904 0.0032790 0.0047111 0.0037510 0.0006616 0.0035380 0.0025483 0.0063510 0.0046922 0.0032785 0.0029779 0.0037468 0.0050525 0.0019637 0.0040298 0.0050808
0.0000000 0.0005118 0.0014826 0.0016966 0.0006701 0.0023616 0.0019259 0.0031626 0.0021942 0.0004923 0.0026699 0.0018062 0.0042212 0.0035974 0.0022907 0.0020623 0.0026719 0.0037953 0.0012383 0.0027203 0.0030622
0.0000000 0.0008134 0.0016631 0.0020381 0.0008334 0.0033660 0.0026055 0.0044956 0.0028973 0.0006879 0.0029012 0.0021301 0.0053635 0.0044455 0.0029128 0.0021371 0.0029591 0.0047590 0.0016996 0.0037405 0.0046396
0.0000000 0.0007157 0.0016489 0.0015199 0.0008763 0.0028117 0.0018195 0.0031430 0.0023534 0.0004496 0.0029592 0.0022009 0.0042935 0.0037400 0.0027335 0.0019246 0.0037608 0.0041723 0.0013985 0.0033835 0.0034631
0.0000000 0.0014623 0.0027614 0.0037651 0.0014476 0.0053194 0.0047243 0.0070763 0.0047879 0.0010218 0.0044226 0.0037127 0.0085907 0.0069562 0.0044704 0.0045697 0.0050951 0.0065426 0.0026902 0.0064703 0.0078084
0.0000000 0.0003842 0.0011864 0.0013591 0.0006339 0.0019326 0.0014204 0.0025545 0.0013968 0.0003894 0.0015791 0.0011753 0.0029448 0.0024033 0.0013185 0.0013418 0.0017329 0.0022174 0.0012166 0.0021447 0.0022045
0.0000000 0.0013802 0.0030615 0.0039244 0.0017547 0.0060772 0.0050840 0.0077580 0.0050430 0.0011682 0.0045511 0.0034697 0.0082203 0.0061671 0.0041736 0.0043939 0.0049255 0.0079126 0.0029139 0.0054048 0.0080814
0.0000000 0.0013873 0.0036109 0.0045353 0.0016223 0.0062751 0.0053616 0.0089617 0.0058107 0.0012011 0.0058376 0.0042968 0.0096722 0.0079668 0.0047440 0.0054601 0.0055895 0.0090452 0.0029125 0.0085721 0.0072506

Matrix 6 :
0.0000000 0.0000000 0.0000000 0.0000000 0.0000000 0.0000000 0.0000000 0.0000000 0.0000000 0.0000000 0.0000000 0.0000000 0.0000000 0.0000000 0.0000000 0.0000000 0.0000000 0.0000000 0.0000000 0.0000000 0.0000000
0.0000000 0.0001499 0.0002463 0.0002998 0.0001585 0.0003522 0.0002231 0.0002906 0.0003457 0.0000602 0.0006009 0.0003489 0.0003441 0.0003772 0.0003007 0.0002755 0.0004184 0.0003284 0.0002037 0.0003081 0.0003111
0.0000000 0.0002827 0.0005799 0.0006425 0.0003843 0.0012684 0.0008573 0.0010630 0.0011617 0.0001785 0.0014865 0.0009794 0.0010267 0.0010322 0.0009535 0.0006882 0.0011665 0.0010696 0.0003884 0.0008938 0.0011030
0.0000000 0.0003165 0.0007715 0.0006322 0.0004066 0.0014150 0.0008699 0.0011031 0.0016104 0.0002763 0.0019681 0.0013661 0.0012563 0.0014937 0.0012229 0.0008866 0.0012182 0.0014604 0.0007260 0.0011797 0.0012672
0.0000000 0.0001407 0.0004787 0.0003488 0.0002225 0.0008870 0.0005217 0.0006338 0.0007273 0.0001300 0.0010638 0.0007179 0.0007026 0.0008599 0.0006483 0.0004990 0.0008281 0.0008094 0.0003007 0.0006674 0.0008921
0.0000000 0.0003007 0.0013437 0.0011653 0.0007191 0.0023005 0.0017842 0.0020599 0.0023739 0.0004376 0.0026566 0.0020225 0.0021019 0.0021695 0.0017862 0.0014343 0.0020770 0.0023122 0.0008993 0.0018777 0.0021978
0.0000000 0.0001806 0.0006776 0.0005680 0.0003859 0.0014474 0.0006776 0.0011084 0.0010406 0.0001794 0.0012579 0.0010801 0.0009646 0.0012272 0.0007612 0.0005663 0.0010207 0.0009630 0.0003845 0.0011343 0.0009824
0.0000000 0.0002756 0.0008488 0.0007676 0.0005455 0.0019868 0.0012478 0.0011646 0.0017338 0.0002853 0.0019809 0.0016841 0.0016465 0.0016891 0.0013565 0.0008468 0.0015131 0.0016522 0.0005828 0.0014430 0.0017575
0.0000000 0.0004799 0.0014623 0.0016111 0.0008527 0.0029465 0.0015212 0.0021747 0.0031564 0.0004618 0.0049708 0.0035197 0.0031500 0.0040087 0.0030606 0.0022971 0.0040318 0.0041723 0.0012313 0.0027969 0.0038152
0.0000000 0.0000447 0.0001030 0.0001608 0.0001017 0.0003098 0.0001677 0.0002415 0.0003097 0.0001716 0.0004053 0.0002677 0.0003949 0.0003805 0.0002232 0.0002346 0.0002956 0.0003113 0.0001534 0.0002642 0.0002751
0.0000000 0.0011689 0.0033776 0.0033222 0.0019449 0.0064716 0.0033297 0.0049019 0.0078654 0.0011946 0.0261124 0.0068436 0.0064316 0.0081692 0.0081924 0.0047157 0.0092514 0.0080559 0.0029925 0.0058777 0.0086193
0.0000000 0.0007584 0.0018657 0.0019421 0.0010992 0.0040996 0.0024067 0.0032357 0.0049312 0.0006633 0.0067463 0.0059164 0.0042818 0.0056504 0.0041864 0.0029154 0.0056464 0.0053206 0.0018799 0.0040548 0.0054881
0.0000000 0.0006528 0.0015859 0.0017396 0.0009478 0.0035075 0.0019690 0.0029939 0.0038587 0.0006852 0.0052564 0.0038321 0.0035863 0.0057988 0.0038772 0.0025298 0.0050501 0.0042009 0.0013964 0.0032554 0.0039371
0.0000000 0.0007284 0.0018813 0.0021423 0.0011214 0.0038854 0.0025302 0.0031637 0.0052049 0.0008030 0.0072227 0.0051353 0.0062366 0.0056619 0.0051156 0.0035651 0.0067623 0.0058389 0.0017448 0.0039219 0.0053877
0.0000000 0.0007550 0.0022282 0.0022628 0.0011075 0.0040618 0.0022425 0.0031089 0.0050589 0.0007110 0.0088463 0.0046139 0.0048880 0.0060308 0.0045962 0.0033192 0.0070592 0.0053247 0.0019098 0.0041465 0.0053455
0.0000000 0.0004743 0.0011431 0.0011193 0.0006915 0.0023920 0.0012286 0.0017545 0.0029152 0.0004542 0.0042363 0.0026623 0.0025311 0.0032286 0.0025861 0.0015693 0.0038051 0.0033483 0.0010934 0.0026735 0.0035593
0.0000000 0.0009760 0.0024826 0.0026213 0.0014745 0.0052576 0.0032907 0.0040369 0.0068664 0.0008690 0.0098879 0.0062823 0.0061824 0.0079813 0.0068191 0.0044457 0.0106794 0.0084848 0.0025278 0.0051545 0.0069959
0.0000000 0.0008503 0.0018691 0.0022049 0.0012607 0.0042759 0.0022981 0.0032746 0.0052733 0.0006839 0.0072502 0.0048297 0.0045505 0.0057035 0.0045240 0.0036361 0.0076187 0.0050983 0.0018264 0.0045447 0.0059778
0.0000000 0.0003307 0.0008728 0.0011138 0.0004347 0.0016821 0.0007486 0.0012570 0.0016827 0.0002969 0.0025857 0.0015184 0.0015141 0.0018558 0.0015775 0.0010788 0.0020574 0.0018459 0.0010127 0.0014296 0.0018362
0.0000000 0.0005799 0.0015963 0.0016216 0.0011208 0.0035059 0.0020585 0.0027861 0.0037727 0.0006199 0.0052130 0.0033575 0.0034321 0.0040204 0.0035413 0.0023589 0.0042419 0.0041851 0.0015011 0.0034011 0.0043948
0.0000000 0.0008150 0.0020895 0.0021850 0.0016108 0.0049817 0.0028233 0.0039578 0.0054889 0.0007117 0.0086350 0.0056692 0.0047290 0.0059781 0.0048727 0.0037900 0.0066350 0.0064647 0.0019405 0.0053223 0.0058197

Matrix 7 :
0.0000000 0.0000000 0.0000000 0.0000000 0.0000000 0.0000000 0.0000000 0.0000000 0.0000000 0.0000000 0.0000000 0.0000000 0.0000000 0.0000000 0.0000000 0.0000000 0.0000000 0.0000000 0.0000000 0.0000000 0.0000000
0.0000000 0.0002369 0.0004865 0.0004796 0.0002908 0.0010898 0.0006090 0.0007774 0.0010986 0.0001811 0.0012409 0.0008415 0.0007724 0.0009325 0.0007708 0.0005579 0.0009711 0.0009521 0.0003060 0.0006332 0.0008131
0.0000000 0.0004865 0.0015690 0.0012850 0.0008661 0.0031344 0.0018563 0.0021305 0.0029900 0.0004190 0.0032737 0.0023310 0.0021241 0.0025492 0.0018512 0.0014712 0.0025235 0.0026626 0.0008921 0.0019412 0.0021954
0.0000000 0.0004796 0.0012850 0.0012050 0.0007307 0.0026396 0.0015090 0.0018386 0.0026672 0.0003531 0.0028560 0.0019818 0.0019840 0.0022037 0.0017735 0.0013684 0.0024656 0.0024414 0.0008020 0.0016941 0.0021226
0.0000000 0.0002908 0.0008661 0.0007307 0.0004854 0.0015823 0.0009022 0.0012042 0.0016008 0.0002204 0.0015732 0.0012193 0.0011931 0.0013166 0.0009790 0.0008114 0.0013091 0.0013931 0.0004667 0.0010655 0.0012317
0.0000000 0.0010898 0.0031344 0.0026396 0.0015823 0.0064392 0.0037551 0.0044967 0.0060732 0.0008268 0.0060975 0.0046258 0.0043144 0.0050616 0.0037240 0.0029564 0.0054129 0.0056040 0.0018518 0.0038723 0.0049132
0.0000000 0.0006090 0.0018563 0.0015090 0.0009022 0.0037551 0.0022803 0.0028681 0.0034517 0.0005016 0.0037852 0.0027186 0.0026161 0.0029591 0.0022682 0.0018000 0.0027989 0.0033160 0.0011072 0.0023427 0.0027509
0.0000000 0.0007774 0.0021305 0.0018386 0.0012042 0.0044967 0.0028681 0.0033934 0.0042577 0.0005169 0.0046387 0.0035637 0.0032369 0.0038538 0.0027612 0.0021854 0.0036844 0.0040994 0.0013115 0.0029104 0.0035849
0.0000000 0.0010986 0.0029900 0.0026672 0.0016008 0.0060732 0.0034517 0.0042577 0.0057630 0.0006854 0.0060667 0.0045094 0.0044518 0.0051232 0.0036686 0.0029746 0.0050742 0.0053608 0.0018711 0.0036173 0.0045264
0.0000000 0.0001811 0.0004190 0.0003531 0.0002204 0.0008268 0.0005016 0.0005169 0.0006854 0.0002816 0.0009307 0.0006865 0.0006458 0.0007672 0.0005046 0.0003820 0.0007242 0.0007212 0.0002764 0.0005327 0.0005996
0.0000000 0.0012409 0.0032737 0.0028560 0.0015732 0.0060975 0.0037852 0.0046387 0.0060667 0.0009307 0.0084803 0.0051902 0.0048391 0.0056891 0.0040828 0.0031572 0.0056354 0.0056955 0.0020275 0.0039231 0.0050623
0.0000000 0.0008415 0.0023310 0.0019818 0.0012193 0.0046258 0.0027186 0.0035637 0.0045094 0.0006865 0.0051902 0.0040310 0.0035887 0.0039172 0.0030123 0.0023313 0.0038556 0.0039785 0.0014591 0.0030076 0.0037511
0.0000000 0.0007724 0.0021241 0.0019840 0.0011931 0.0043144 0.0026161 0.0032369 0.0044518 0.0006458 0.0048391 0.0035887 0.0031968 0.0039575 0.0028395 0.0021516 0.0036842 0.0037207 0.0014244 0.0028701 0.0031831
0.0000000 0.0009325 0.0025492 0.0022037 0.0013166 0.0050616 0.0029591 0.0038538 0.0051232 0.0007672 0.0056891 0.0039172 0.0039575 0.0045441 0.0033813 0.0024425 0.0043893 0.0044946 0.0015722 0.0031834 0.0040493
0.0000000 0.0007708 0.0018512 0.0017735 0.0009790 0.0037240 0.0022682 0.0027612 0.0036686 0.0005046 0.0040828 0.0030123 0.0028395 0.0033813 0.0026979 0.0018978 0.0031020 0.0032392 0.0010785 0.0023004 0.0028669
0.0000000 0.0005579 0.0014712 0.0013684 0.0008114 0.0029564 0.0018000 0.0021854 0.0029746 0.0003820 0.0031572 0.0023313 0.0021516 0.0024425 0.0018978 0.0014335 0.0024599 0.0027854 0.0009075 0.0018831 0.0023868
0.0000000 0.0009711 0.0025235 0.0024656 0.0013091 0.0054129 0.0027989 0.0036844 0.0050742 0.0007242 0.0056354 0.0038556 0.0036842 0.0043893 0.0031020 0.0024599 0.0047026 0.0045660 0.0014854 0.0032446 0.0038062
0.0000000 0.0009521 0.0026626 0.0024414 0.0013931 0.0056040 0.0033160 0.0040994 0.0053608 0.0007212 0.0056955 0.0039785 0.0037207 0.0044946 0.0032392 0.0027854 0.0045660 0.0051822 0.0015235 0.0033450 0.0042488
0.0000000 0.0003060 0.0008921 0.0008020 0.0004667 0.0018518 0.0011072 0.0013115 0.0018711 0.0002764 0.0020275 0.0014591 0.0014244 0.0015722 0.0010785 0.0009075 0.0014854 0.0015235 0.0007204 0.0011038 0.0015181
0.0000000 0.0006332 0.0019412 0.0016941 0.0010655 0.0038723 0.0023427 0.0029104 0.0036173 0.0005327 0.0039231 0.0030076 0.0028701 0.0031834 0.0023004 0.0018831 0.0032446 0.0033450 0.0011038 0.0023927 0.0031280
0.0000000 0.0008131 0.0021954 0.0021226 0.0012317 0.0049132 0.0027509 0.0035849 0.0045264 0.0005996 0.0050623 0.0037511 0.0031831 0.0040493 0.0028669 0.0023868 0.0038062 0.0042488 0.0015181 0.0031280 0.0041649


