ss 3
solv 2
unaligned 1

Transition matrix:
0.0000000 0.0001421 0.0001421 0.0143525 0.0001421 0.0001421 0.0542069 0.0212530 0.4547386 0.4547386 0.0001421
0.0000000 0.5223244 0.0011387 0.0274924 0.3860885 0.0001073 0.0355597 0.0095758 0.0136526 0.0040544 0.0000062
0.0000000 0.0038490 0.6058941 0.1043422 0.0009784 0.1903522 0.0732408 0.0070114 0.0089878 0.0053383 0.0000057
0.0000000 0.0325527 0.1104774 0.2972335 0.0262447 0.0550110 0.3851096 0.0261555 0.0359594 0.0309745 0.0002818
0.0000000 0.4363671 0.0003287 0.0344218 0.4410999 0.0000224 0.0476946 0.0136885 0.0173010 0.0090690 0.0000071
0.0000000 0.0073968 0.5123790 0.1083025 0.0017563 0.2453446 0.0812959 0.0127763 0.0181688 0.0125655 0.0000142
0.0000000 0.0299696 0.0714362 0.2634438 0.0436712 0.0467856 0.4173027 0.0315037 0.0358338 0.0591414 0.0009119
0.0000000 0.0148935 0.0140316 0.0375407 0.0172032 0.0107172 0.0721389 0.7157634 0.0584673 0.0584673 0.0007769
0.0000000 0.0064570 0.0068383 0.0207932 0.0063044 0.0049850 0.0314858 0.0390948 0.8768798 0.0000045 0.0071573
0.0000000 0.0030933 0.0028370 0.0171045 0.0042340 0.0036718 0.0459198 0.0390932 0.0000045 0.8768424 0.0071997
0.0000000 0.1000000 0.1000000 0.1000000 0.1000000 0.1000000 0.1000000 0.1000000 0.1000000 0.1000000 0.1000000

Emission vector for indel state 1:
0.0000000
0.0124340
0.0344006
0.0321780
0.0199830
0.0781430
0.0428018
0.0542753
0.0777675
0.0098938
0.0819566
0.0602398
0.0527107
0.0648194
0.0473629
0.0393274
0.0673331
0.0816529
0.0219144
0.0539594
0.0668464

Emission vector for indel state 2:
0.0000000
0.0124340
0.0344006
0.0321780
0.0199830
0.0781430
0.0428018
0.0542753
0.0777675
0.0098938
0.0819566
0.0602398
0.0527107
0.0648194
0.0473629
0.0393274
0.0673331
0.0816529
0.0219144
0.0539594
0.0668464

Background frequencies:
0.0000000
0.0130943
0.0392555
0.0337982
0.0217588
0.0929387
0.0580356
0.0742498
0.0832357
0.0128140
0.0748388
0.0458486
0.0538641
0.0587412
0.0412874
0.0362436
0.0583080
0.0686212
0.0229008
0.0512614
0.0589045

Emission matrices:
Matrix 1 :
0.0000000 0.0000000 0.0000000 0.0000000 0.0000000 0.0000000 0.0000000 0.0000000 0.0000000 0.0000000 0.0000000 0.0000000 0.0000000 0.0000000 0.0000000 0.0000000 0.0000000 0.0000000 0.0000000 0.0000000 0.0000000
0.0000000 0.0034706 0.0018453 0.0014940 0.0005803 0.0025690 0.0012563 0.0012716 0.0014552 0.0002161 0.0004377 0.0002298 0.0005731 0.0004858 0.0003132 0.0004145 0.0004423 0.0007264 0.0004238 0.0006100 0.0006196
0.0000000 0.0017539 0.0101845 0.0038261 0.0021231 0.0114050 0.0047613 0.0049234 0.0052664 0.0006715 0.0013213 0.0007010 0.0017698 0.0012888 0.0008272 0.0011403 0.0009129 0.0013474 0.0009929 0.0013857 0.0012860
0.0000000 0.0014131 0.0037244 0.0059472 0.0012931 0.0059816 0.0026033 0.0025950 0.0034395 0.0004544 0.0010385 0.0005603 0.0013272 0.0012920 0.0008817 0.0010763 0.0007856 0.0013735 0.0011005 0.0015651 0.0014757
0.0000000 0.0005973 0.0021844 0.0014473 0.0027400 0.0083472 0.0039841 0.0038006 0.0041963 0.0005573 0.0009836 0.0004679 0.0014552 0.0012266 0.0006582 0.0008855 0.0007064 0.0010183 0.0005893 0.0012087 0.0012293
0.0000000 0.0024742 0.0118819 0.0065484 0.0083963 0.0594564 0.0210120 0.0183072 0.0174663 0.0023958 0.0036337 0.0018662 0.0056719 0.0045086 0.0023839 0.0033371 0.0024207 0.0043220 0.0022435 0.0049074 0.0044674
0.0000000 0.0013008 0.0049519 0.0030365 0.0041048 0.0215828 0.0164934 0.0117106 0.0094689 0.0013353 0.0018536 0.0010672 0.0032067 0.0025207 0.0012281 0.0018163 0.0012106 0.0023390 0.0013050 0.0024297 0.0020730
0.0000000 0.0012449 0.0052462 0.0029429 0.0038268 0.0187510 0.0116925 0.0151619 0.0124114 0.0015502 0.0023092 0.0015235 0.0044061 0.0029497 0.0014824 0.0019494 0.0016061 0.0026517 0.0013111 0.0026944 0.0024508
0.0000000 0.0014039 0.0054059 0.0038717 0.0040498 0.0176253 0.0093164 0.0126831 0.0408433 0.0030462 0.0076449 0.0020379 0.0065896 0.0073064 0.0025091 0.0035306 0.0025902 0.0047436 0.0020131 0.0046417 0.0043426
0.0000000 0.0002088 0.0006741 0.0004860 0.0005404 0.0025071 0.0013052 0.0014345 0.0029438 0.0032169 0.0006120 0.0001902 0.0007948 0.0007739 0.0002625 0.0003792 0.0003305 0.0004493 0.0001964 0.0003608 0.0003913
0.0000000 0.0003448 0.0008827 0.0007633 0.0007410 0.0026727 0.0015322 0.0019317 0.0066832 0.0005020 0.0101034 0.0006533 0.0014976 0.0023756 0.0007686 0.0009804 0.0008128 0.0013362 0.0005773 0.0012358 0.0010412
0.0000000 0.0001353 0.0004893 0.0003749 0.0003169 0.0012192 0.0006828 0.0011795 0.0016692 0.0001494 0.0006228 0.0026845 0.0006438 0.0007330 0.0003609 0.0004396 0.0004683 0.0006685 0.0002371 0.0006213 0.0004716
0.0000000 0.0004943 0.0016701 0.0012716 0.0013151 0.0050848 0.0029180 0.0040294 0.0057889 0.0007429 0.0016446 0.0007670 0.0047010 0.0024521 0.0010570 0.0012198 0.0010684 0.0016501 0.0005978 0.0013903 0.0012816
0.0000000 0.0003380 0.0012348 0.0012504 0.0010641 0.0039103 0.0021191 0.0026947 0.0066294 0.0007263 0.0024110 0.0007479 0.0024223 0.0043767 0.0014055 0.0012743 0.0012066 0.0018853 0.0008189 0.0017524 0.0014961
0.0000000 0.0002654 0.0004996 0.0007115 0.0004835 0.0015693 0.0007621 0.0010007 0.0017787 0.0001598 0.0007275 0.0004057 0.0008682 0.0011751 0.0026959 0.0009096 0.0008996 0.0012183 0.0005369 0.0010220 0.0010783
0.0000000 0.0002731 0.0009644 0.0008640 0.0006823 0.0023235 0.0013048 0.0012932 0.0025258 0.0002685 0.0007276 0.0004685 0.0010191 0.0010651 0.0008760 0.0028677 0.0009356 0.0018560 0.0006918 0.0014976 0.0015429
0.0000000 0.0001476 0.0004435 0.0004300 0.0003856 0.0012053 0.0006761 0.0009336 0.0016380 0.0002405 0.0006183 0.0003085 0.0007402 0.0010461 0.0008384 0.0009456 0.0061241 0.0020560 0.0005114 0.0009266 0.0007509
0.0000000 0.0003711 0.0006918 0.0008921 0.0006037 0.0026424 0.0013298 0.0015196 0.0027486 0.0002353 0.0011373 0.0004247 0.0012566 0.0015989 0.0011006 0.0020540 0.0021086 0.0089303 0.0008437 0.0018184 0.0017447
0.0000000 0.0003601 0.0008285 0.0010042 0.0005113 0.0016528 0.0008762 0.0010156 0.0014961 0.0001944 0.0004483 0.0002166 0.0005528 0.0007101 0.0005961 0.0007261 0.0006415 0.0010698 0.0028369 0.0008666 0.0006549
0.0000000 0.0003434 0.0007473 0.0010319 0.0008331 0.0027817 0.0014017 0.0016348 0.0027188 0.0001974 0.0009786 0.0005494 0.0010501 0.0012696 0.0008832 0.0013852 0.0010203 0.0018377 0.0008027 0.0064660 0.0023639
0.0000000 0.0002332 0.0005519 0.0006934 0.0005126 0.0020294 0.0009325 0.0009429 0.0018352 0.0001595 0.0005280 0.0003550 0.0006540 0.0008175 0.0007355 0.0011795 0.0005882 0.0012049 0.0004413 0.0018838 0.0051339

Matrix 2 :
0.0000000 0.0000000 0.0000000 0.0000000 0.0000000 0.0000000 0.0000000 0.0000000 0.0000000 0.0000000 0.0000000 0.0000000 0.0000000 0.0000000 0.0000000 0.0000000 0.0000000 0.0000000 0.0000000 0.0000000 0.0000000
0.0000000 0.0044475 0.0019029 0.0015059 0.0004474 0.0017455 0.0012655 0.0015882 0.0009010 0.0002361 0.0004936 0.0002866 0.0008643 0.0005134 0.0003442 0.0002549 0.0002647 0.0004052 0.0002818 0.0004791 0.0003753
0.0000000 0.0018943 0.0117184 0.0055269 0.0019587 0.0092208 0.0079858 0.0093131 0.0035599 0.0011332 0.0019212 0.0009650 0.0024882 0.0018613 0.0008291 0.0008541 0.0008760 0.0012046 0.0011196 0.0013899 0.0010542
0.0000000 0.0015685 0.0053794 0.0105158 0.0011127 0.0050444 0.0036380 0.0054451 0.0025458 0.0007885 0.0014532 0.0006870 0.0021694 0.0015551 0.0008917 0.0009225 0.0009657 0.0011338 0.0013457 0.0014280 0.0011572
0.0000000 0.0004483 0.0019492 0.0011162 0.0015662 0.0044188 0.0032688 0.0037374 0.0017724 0.0004438 0.0007116 0.0003741 0.0013330 0.0008293 0.0003879 0.0004038 0.0003770 0.0005026 0.0004038 0.0006915 0.0006246
0.0000000 0.0017626 0.0091695 0.0050645 0.0044697 0.0345752 0.0209114 0.0235897 0.0068008 0.0019135 0.0029470 0.0020750 0.0046227 0.0028123 0.0014991 0.0016866 0.0014563 0.0019417 0.0015424 0.0023237 0.0019955
0.0000000 0.0013247 0.0081578 0.0039650 0.0035176 0.0215409 0.0307289 0.0291530 0.0066022 0.0018884 0.0024902 0.0015415 0.0044988 0.0026532 0.0012797 0.0014847 0.0013224 0.0016684 0.0013596 0.0020534 0.0020281
0.0000000 0.0017295 0.0096802 0.0058637 0.0039918 0.0242054 0.0291853 0.0514587 0.0123894 0.0031590 0.0048625 0.0025502 0.0077387 0.0041949 0.0019866 0.0020790 0.0017550 0.0029169 0.0019280 0.0031421 0.0029968
0.0000000 0.0008998 0.0035966 0.0025504 0.0017494 0.0068496 0.0062353 0.0117345 0.0141382 0.0018252 0.0060072 0.0018826 0.0043173 0.0040669 0.0012851 0.0012816 0.0014687 0.0017584 0.0011880 0.0019738 0.0017296
0.0000000 0.0002288 0.0011660 0.0008379 0.0004924 0.0019188 0.0018002 0.0031776 0.0018628 0.0045620 0.0010551 0.0003939 0.0011313 0.0010438 0.0003746 0.0003830 0.0002902 0.0004204 0.0003223 0.0005520 0.0004514
0.0000000 0.0003419 0.0015372 0.0011843 0.0006777 0.0024520 0.0019851 0.0037125 0.0056089 0.0009530 0.0182579 0.0008718 0.0021987 0.0031195 0.0011021 0.0007274 0.0011534 0.0013008 0.0006467 0.0010893 0.0010655
0.0000000 0.0001575 0.0004392 0.0003711 0.0001967 0.0011915 0.0008403 0.0013431 0.0012129 0.0002101 0.0005247 0.0040929 0.0007233 0.0006910 0.0003611 0.0002351 0.0003645 0.0005311 0.0001745 0.0003738 0.0003948
0.0000000 0.0007185 0.0023027 0.0019366 0.0012573 0.0043031 0.0040522 0.0066809 0.0039972 0.0009578 0.0025565 0.0011894 0.0090351 0.0041820 0.0015256 0.0013336 0.0017235 0.0019709 0.0010696 0.0021997 0.0020830
0.0000000 0.0004820 0.0016887 0.0013735 0.0009092 0.0024402 0.0021345 0.0036463 0.0036820 0.0009615 0.0033408 0.0009962 0.0042608 0.0065541 0.0017828 0.0012724 0.0016930 0.0016896 0.0009414 0.0017909 0.0014721
0.0000000 0.0002422 0.0005827 0.0007219 0.0003180 0.0009895 0.0008612 0.0013672 0.0009713 0.0002946 0.0009609 0.0003779 0.0012113 0.0014012 0.0032930 0.0004943 0.0011780 0.0006367 0.0006405 0.0007366 0.0006516
0.0000000 0.0001793 0.0005826 0.0006584 0.0002789 0.0011065 0.0009466 0.0014009 0.0009195 0.0002207 0.0006867 0.0003145 0.0010207 0.0009821 0.0004558 0.0014517 0.0005175 0.0008965 0.0005010 0.0010567 0.0007613
0.0000000 0.0002175 0.0005105 0.0005814 0.0002170 0.0007695 0.0006808 0.0009675 0.0011828 0.0002347 0.0009265 0.0004173 0.0011989 0.0013077 0.0013020 0.0005202 0.0084167 0.0016363 0.0005461 0.0007211 0.0007605
0.0000000 0.0002552 0.0006774 0.0007650 0.0003759 0.0012166 0.0010139 0.0016051 0.0010691 0.0002762 0.0008814 0.0005893 0.0013271 0.0012282 0.0007375 0.0009650 0.0017078 0.0046080 0.0006627 0.0013021 0.0012841
0.0000000 0.0002915 0.0009713 0.0012959 0.0003734 0.0012692 0.0010477 0.0015092 0.0009803 0.0002570 0.0006531 0.0003116 0.0008882 0.0009117 0.0006913 0.0006397 0.0006601 0.0007916 0.0042788 0.0008657 0.0007533
0.0000000 0.0002852 0.0009042 0.0010283 0.0004840 0.0013645 0.0011595 0.0017152 0.0012692 0.0003713 0.0007942 0.0004614 0.0014328 0.0011006 0.0006963 0.0009203 0.0007626 0.0010461 0.0006268 0.0051093 0.0018041
0.0000000 0.0001900 0.0005264 0.0005795 0.0003693 0.0009522 0.0008709 0.0012261 0.0010164 0.0002318 0.0006421 0.0003420 0.0009736 0.0006744 0.0005071 0.0005743 0.0004541 0.0007483 0.0004692 0.0014210 0.0035023

Matrix 3 :
0.0000000 0.0000000 0.0000000 0.0000000 0.0000000 0.0000000 0.0000000 0.0000000 0.0000000 0.0000000 0.0000000 0.0000000 0.0000000 0.0000000 0.0000000 0.0000000 0.0000000 0.0000000 0.0000000 0.0000000 0.0000000
0.0000000 0.0028057 0.0015596 0.0012732 0.0003835 0.0016661 0.0008430 0.0010290 0.0009764 0.0001317 0.0007771 0.0007680 0.0006342 0.0007903 0.0005654 0.0003677 0.0005234 0.0005799 0.0004688 0.0004594 0.0005181
0.0000000 0.0017269 0.0085744 0.0036188 0.0013994 0.0075435 0.0036184 0.0039291 0.0031630 0.0007128 0.0026606 0.0019197 0.0020411 0.0017976 0.0012936 0.0009539 0.0012917 0.0012429 0.0011454 0.0014532 0.0011903
0.0000000 0.0011805 0.0033678 0.0056452 0.0008971 0.0036554 0.0018447 0.0022333 0.0023643 0.0005473 0.0020189 0.0016885 0.0013797 0.0015889 0.0013916 0.0008014 0.0013816 0.0012198 0.0013719 0.0011681 0.0012030
0.0000000 0.0003838 0.0013857 0.0009928 0.0021514 0.0041564 0.0021241 0.0020867 0.0019000 0.0004302 0.0013313 0.0011187 0.0012959 0.0012129 0.0007552 0.0005599 0.0008384 0.0006074 0.0004741 0.0007507 0.0008656
0.0000000 0.0016056 0.0073144 0.0037559 0.0041340 0.0286296 0.0110465 0.0111225 0.0073080 0.0016003 0.0045338 0.0043365 0.0043608 0.0033978 0.0024171 0.0019085 0.0023831 0.0026176 0.0015431 0.0027739 0.0030739
0.0000000 0.0007442 0.0033368 0.0017992 0.0019440 0.0101252 0.0093492 0.0082125 0.0040086 0.0008256 0.0021364 0.0026501 0.0026307 0.0017609 0.0011557 0.0010086 0.0012351 0.0012588 0.0009588 0.0014459 0.0015479
0.0000000 0.0009014 0.0035495 0.0023847 0.0020144 0.0098476 0.0083104 0.0131278 0.0070129 0.0014725 0.0033618 0.0035270 0.0037378 0.0029833 0.0016701 0.0012226 0.0018128 0.0015205 0.0011132 0.0017643 0.0019350
0.0000000 0.0009378 0.0031808 0.0026887 0.0019417 0.0065969 0.0042539 0.0076020 0.0173305 0.0019171 0.0085235 0.0049048 0.0052035 0.0059897 0.0029313 0.0020884 0.0033133 0.0030437 0.0017772 0.0026419 0.0031832
0.0000000 0.0001865 0.0008441 0.0006780 0.0005047 0.0017282 0.0011407 0.0017934 0.0021526 0.0061376 0.0015285 0.0006938 0.0012717 0.0015029 0.0008838 0.0003973 0.0008119 0.0006700 0.0004229 0.0004937 0.0004625
0.0000000 0.0008232 0.0023827 0.0021494 0.0011345 0.0038588 0.0021826 0.0035764 0.0081842 0.0012649 0.0457813 0.0041954 0.0044874 0.0068426 0.0048400 0.0022384 0.0048631 0.0032542 0.0018328 0.0031738 0.0037097
0.0000000 0.0007435 0.0020897 0.0019849 0.0012897 0.0051163 0.0031579 0.0046135 0.0053413 0.0006420 0.0044362 0.0217604 0.0034837 0.0037250 0.0022501 0.0016451 0.0028087 0.0025196 0.0013435 0.0024259 0.0026894
0.0000000 0.0005597 0.0018217 0.0015567 0.0012666 0.0041010 0.0027737 0.0041702 0.0048462 0.0010515 0.0037621 0.0024773 0.0095013 0.0055196 0.0025526 0.0013629 0.0027220 0.0017630 0.0012337 0.0018867 0.0019034
0.0000000 0.0006822 0.0017215 0.0018227 0.0010272 0.0033948 0.0020435 0.0032500 0.0060849 0.0013081 0.0067864 0.0030485 0.0056446 0.0124579 0.0038341 0.0017805 0.0041153 0.0028081 0.0015012 0.0025872 0.0023574
0.0000000 0.0003636 0.0009234 0.0012657 0.0006161 0.0019791 0.0009551 0.0015537 0.0022915 0.0006443 0.0033637 0.0013845 0.0023103 0.0030938 0.0082231 0.0012427 0.0034103 0.0014790 0.0014309 0.0015259 0.0015256
0.0000000 0.0001986 0.0005940 0.0006710 0.0005175 0.0013453 0.0007087 0.0008851 0.0014080 0.0002856 0.0012486 0.0009284 0.0009132 0.0012021 0.0010424 0.0021673 0.0011235 0.0011700 0.0007070 0.0009749 0.0009641
0.0000000 0.0003643 0.0008282 0.0010827 0.0005233 0.0017227 0.0009568 0.0014412 0.0023353 0.0004023 0.0028451 0.0013189 0.0022256 0.0028350 0.0035606 0.0013973 0.0188179 0.0030471 0.0009992 0.0015131 0.0014741
0.0000000 0.0002574 0.0006895 0.0009378 0.0003723 0.0011653 0.0006591 0.0008867 0.0014813 0.0002361 0.0015055 0.0008659 0.0011021 0.0012720 0.0009323 0.0011549 0.0023607 0.0052685 0.0006753 0.0009491 0.0010420
0.0000000 0.0003688 0.0010197 0.0013642 0.0004599 0.0013716 0.0009780 0.0009975 0.0014978 0.0003117 0.0016033 0.0008050 0.0010784 0.0013010 0.0015161 0.0007703 0.0011264 0.0008299 0.0072755 0.0011800 0.0007693
0.0000000 0.0002936 0.0007883 0.0008387 0.0005634 0.0015892 0.0009340 0.0011144 0.0014715 0.0001747 0.0018328 0.0012188 0.0012657 0.0015066 0.0012602 0.0009127 0.0011746 0.0011313 0.0008853 0.0066863 0.0020690
0.0000000 0.0001460 0.0004455 0.0005327 0.0003189 0.0010916 0.0006514 0.0007628 0.0012657 0.0001760 0.0011112 0.0007103 0.0008324 0.0008580 0.0007166 0.0005918 0.0007773 0.0007765 0.0003893 0.0013223 0.0037268

Matrix 4 :
0.0000000 0.0000000 0.0000000 0.0000000 0.0000000 0.0000000 0.0000000 0.0000000 0.0000000 0.0000000 0.0000000 0.0000000 0.0000000 0.0000000 0.0000000 0.0000000 0.0000000 0.0000000 0.0000000 0.0000000 0.0000000
0.0000000 0.0004425 0.0002743 0.0003833 0.0001743 0.0006294 0.0003053 0.0002909 0.0005415 0.0000249 0.0001677 0.0001686 0.0002886 0.0003234 0.0002425 0.0003042 0.0003265 0.0006725 0.0001864 0.0004979 0.0003885
0.0000000 0.0002614 0.0016208 0.0009503 0.0004700 0.0020208 0.0007535 0.0010616 0.0015348 0.0001671 0.0005758 0.0004512 0.0007250 0.0008596 0.0005369 0.0009800 0.0007075 0.0014691 0.0004738 0.0008544 0.0011449
0.0000000 0.0004463 0.0010816 0.0021908 0.0006243 0.0020748 0.0009591 0.0011152 0.0021474 0.0001430 0.0009523 0.0004775 0.0009604 0.0012767 0.0008276 0.0011878 0.0011775 0.0018833 0.0007500 0.0016578 0.0014764
0.0000000 0.0001868 0.0004467 0.0005123 0.0008809 0.0018759 0.0009140 0.0008402 0.0014424 0.0001256 0.0005570 0.0004142 0.0006931 0.0008086 0.0005449 0.0008864 0.0008222 0.0014469 0.0004086 0.0011041 0.0012047
0.0000000 0.0007050 0.0019840 0.0017701 0.0018298 0.0077712 0.0033848 0.0031717 0.0051194 0.0004558 0.0016509 0.0012440 0.0020788 0.0024851 0.0020215 0.0029122 0.0023637 0.0049767 0.0011155 0.0039314 0.0044939
0.0000000 0.0002992 0.0007970 0.0007617 0.0008506 0.0032883 0.0022333 0.0019014 0.0022489 0.0001768 0.0008977 0.0007573 0.0012314 0.0011556 0.0008234 0.0011379 0.0011561 0.0022287 0.0004660 0.0018816 0.0020470
0.0000000 0.0003186 0.0009586 0.0008975 0.0009003 0.0032669 0.0019450 0.0029111 0.0034224 0.0002778 0.0012419 0.0009318 0.0015870 0.0016977 0.0013230 0.0015766 0.0017852 0.0031133 0.0007257 0.0021699 0.0025474
0.0000000 0.0006695 0.0016602 0.0019311 0.0016127 0.0054451 0.0024050 0.0033873 0.0141911 0.0004354 0.0043648 0.0028656 0.0041080 0.0053611 0.0035195 0.0055780 0.0063545 0.0118815 0.0018017 0.0066422 0.0082614
0.0000000 0.0000195 0.0000953 0.0001014 0.0000914 0.0002925 0.0001158 0.0001882 0.0003620 0.0007656 0.0000996 0.0000723 0.0001500 0.0001670 0.0001599 0.0001748 0.0002087 0.0002995 0.0000887 0.0002595 0.0002516
0.0000000 0.0001999 0.0005769 0.0007399 0.0005398 0.0014657 0.0007280 0.0009754 0.0035962 0.0000855 0.0046598 0.0009579 0.0013812 0.0022190 0.0012899 0.0016359 0.0019084 0.0034334 0.0006210 0.0019798 0.0021422
0.0000000 0.0001379 0.0004671 0.0004622 0.0003153 0.0010583 0.0007603 0.0009098 0.0022113 0.0000894 0.0010369 0.0044435 0.0010214 0.0015542 0.0009140 0.0011175 0.0019546 0.0028493 0.0004011 0.0015343 0.0017861
0.0000000 0.0003307 0.0008443 0.0009308 0.0008237 0.0023351 0.0013376 0.0016732 0.0042792 0.0002042 0.0017618 0.0011174 0.0039613 0.0029442 0.0018208 0.0025531 0.0028758 0.0044952 0.0008422 0.0028107 0.0039154
0.0000000 0.0003511 0.0009387 0.0011453 0.0008557 0.0025044 0.0012169 0.0016711 0.0052590 0.0002534 0.0025472 0.0016414 0.0027832 0.0053448 0.0026592 0.0030518 0.0039686 0.0066463 0.0010717 0.0037797 0.0046112
0.0000000 0.0002750 0.0006203 0.0008740 0.0005884 0.0021913 0.0009094 0.0013836 0.0035448 0.0002186 0.0017866 0.0010033 0.0017019 0.0027415 0.0033841 0.0028341 0.0030957 0.0050119 0.0010826 0.0033610 0.0042380
0.0000000 0.0005142 0.0012673 0.0013790 0.0010821 0.0039539 0.0016298 0.0022125 0.0065475 0.0003250 0.0026138 0.0017113 0.0031353 0.0037999 0.0032866 0.0065739 0.0053526 0.0104181 0.0016708 0.0057746 0.0079763
0.0000000 0.0005376 0.0009830 0.0013599 0.0010698 0.0029953 0.0014638 0.0020834 0.0067018 0.0002960 0.0025596 0.0023303 0.0031537 0.0043362 0.0034142 0.0048656 0.0106131 0.0123575 0.0015139 0.0053771 0.0069811
0.0000000 0.0011047 0.0021414 0.0024159 0.0019540 0.0070285 0.0033200 0.0043858 0.0142907 0.0006558 0.0053256 0.0039213 0.0052858 0.0081491 0.0061264 0.0105151 0.0137065 0.0315985 0.0032200 0.0109838 0.0147950
0.0000000 0.0002155 0.0005871 0.0008302 0.0004598 0.0013827 0.0007674 0.0009249 0.0020309 0.0001267 0.0009385 0.0005642 0.0008796 0.0012012 0.0009904 0.0014936 0.0015091 0.0028068 0.0018499 0.0017820 0.0021205
0.0000000 0.0008469 0.0016691 0.0022876 0.0014902 0.0061589 0.0028663 0.0033467 0.0088083 0.0005064 0.0032989 0.0021313 0.0037753 0.0050121 0.0039364 0.0058814 0.0055774 0.0108711 0.0020152 0.0133825 0.0108735
0.0000000 0.0008622 0.0017645 0.0023758 0.0019036 0.0070623 0.0031924 0.0041102 0.0111121 0.0005330 0.0040629 0.0025247 0.0045862 0.0059252 0.0051100 0.0083870 0.0077338 0.0151667 0.0024383 0.0112896 0.0177395

Matrix 5 :
0.0000000 0.0000000 0.0000000 0.0000000 0.0000000 0.0000000 0.0000000 0.0000000 0.0000000 0.0000000 0.0000000 0.0000000 0.0000000 0.0000000 0.0000000 0.0000000 0.0000000 0.0000000 0.0000000 0.0000000 0.0000000
0.0000000 0.0015178 0.0008133 0.0009716 0.0002537 0.0008133 0.0006089 0.0008452 0.0006221 0.0001025 0.0004886 0.0003229 0.0010168 0.0006498 0.0004316 0.0003820 0.0004779 0.0006509 0.0004064 0.0006131 0.0006861
0.0000000 0.0007723 0.0033182 0.0022762 0.0007917 0.0025910 0.0015727 0.0029482 0.0015155 0.0002921 0.0009648 0.0008966 0.0019435 0.0018422 0.0008415 0.0009579 0.0010603 0.0018633 0.0007506 0.0017187 0.0016284
0.0000000 0.0008601 0.0023945 0.0040397 0.0007460 0.0023441 0.0023070 0.0033353 0.0018084 0.0003060 0.0014839 0.0013179 0.0026102 0.0025062 0.0013841 0.0016363 0.0014299 0.0022037 0.0016309 0.0024706 0.0023654
0.0000000 0.0002026 0.0007555 0.0006072 0.0006792 0.0010695 0.0010757 0.0014515 0.0007733 0.0001607 0.0005959 0.0004090 0.0012092 0.0010696 0.0006865 0.0005425 0.0004413 0.0009597 0.0003496 0.0007567 0.0007975
0.0000000 0.0007827 0.0021847 0.0020729 0.0010946 0.0062279 0.0038965 0.0053212 0.0023061 0.0003565 0.0015190 0.0017055 0.0038870 0.0027717 0.0015123 0.0017129 0.0017846 0.0031116 0.0011339 0.0026057 0.0029519
0.0000000 0.0005677 0.0014956 0.0016672 0.0007861 0.0037236 0.0048007 0.0055364 0.0017180 0.0003301 0.0012411 0.0013421 0.0036647 0.0020569 0.0012365 0.0015385 0.0015739 0.0028183 0.0009954 0.0026314 0.0027840
0.0000000 0.0006870 0.0024385 0.0024410 0.0012402 0.0053590 0.0050444 0.0096865 0.0032126 0.0006901 0.0023279 0.0021653 0.0058943 0.0040667 0.0021460 0.0024605 0.0024549 0.0051282 0.0017401 0.0044670 0.0043316
0.0000000 0.0004785 0.0010554 0.0011423 0.0006482 0.0018182 0.0014752 0.0026963 0.0030153 0.0003822 0.0021461 0.0013997 0.0024407 0.0023540 0.0012602 0.0013749 0.0016356 0.0026835 0.0010098 0.0020827 0.0024624
0.0000000 0.0000758 0.0001624 0.0001969 0.0000890 0.0002788 0.0002136 0.0004611 0.0003831 0.0003413 0.0002792 0.0001534 0.0002999 0.0003764 0.0001200 0.0001160 0.0003051 0.0002375 0.0001650 0.0003731 0.0004456
0.0000000 0.0003915 0.0009673 0.0010561 0.0004287 0.0012537 0.0010164 0.0020701 0.0026692 0.0004529 0.0135182 0.0011165 0.0017435 0.0024683 0.0014382 0.0009993 0.0019102 0.0021946 0.0007993 0.0017337 0.0018284
0.0000000 0.0002904 0.0008314 0.0005482 0.0004037 0.0015077 0.0007726 0.0014190 0.0013401 0.0001593 0.0011921 0.0049679 0.0019593 0.0016641 0.0010534 0.0009345 0.0014720 0.0022717 0.0005439 0.0014800 0.0015671
0.0000000 0.0010289 0.0020415 0.0026658 0.0012862 0.0041642 0.0038930 0.0067283 0.0039015 0.0006929 0.0027272 0.0029035 0.0135244 0.0071434 0.0036086 0.0041273 0.0046913 0.0079670 0.0021995 0.0058920 0.0070295
0.0000000 0.0006443 0.0017044 0.0021987 0.0008579 0.0027473 0.0022653 0.0036934 0.0029676 0.0004490 0.0026623 0.0022748 0.0065766 0.0073045 0.0030361 0.0026522 0.0036149 0.0053027 0.0016850 0.0039754 0.0048694
0.0000000 0.0004800 0.0008957 0.0013154 0.0005461 0.0017023 0.0013529 0.0022868 0.0018910 0.0001972 0.0019999 0.0017316 0.0037673 0.0034309 0.0039051 0.0015155 0.0037516 0.0035395 0.0011385 0.0026059 0.0034471
0.0000000 0.0005007 0.0014015 0.0020617 0.0008159 0.0029187 0.0024058 0.0034943 0.0024990 0.0004050 0.0019651 0.0017579 0.0048077 0.0037461 0.0021398 0.0047413 0.0026631 0.0054436 0.0016810 0.0043168 0.0044898
0.0000000 0.0003982 0.0012133 0.0013993 0.0005420 0.0019740 0.0016526 0.0021400 0.0021460 0.0003126 0.0027232 0.0019899 0.0044202 0.0036820 0.0034278 0.0019880 0.0076204 0.0049888 0.0013344 0.0032264 0.0035675
0.0000000 0.0011058 0.0026048 0.0025817 0.0012253 0.0045930 0.0039057 0.0068418 0.0045928 0.0006360 0.0043174 0.0039704 0.0089867 0.0066315 0.0038757 0.0051676 0.0061256 0.0155321 0.0027738 0.0070100 0.0093533
0.0000000 0.0003009 0.0008366 0.0014401 0.0004117 0.0017305 0.0014389 0.0022160 0.0014362 0.0002787 0.0013804 0.0008984 0.0024181 0.0019935 0.0014225 0.0013499 0.0014771 0.0025463 0.0022456 0.0021852 0.0020403
0.0000000 0.0009621 0.0026481 0.0030363 0.0012821 0.0048286 0.0046136 0.0071846 0.0042053 0.0008558 0.0035792 0.0028021 0.0078092 0.0060634 0.0035628 0.0046869 0.0045119 0.0081109 0.0029175 0.0138242 0.0098254
0.0000000 0.0010378 0.0025632 0.0035334 0.0016103 0.0050756 0.0049587 0.0079878 0.0050778 0.0008090 0.0042975 0.0038902 0.0096269 0.0073040 0.0044626 0.0050839 0.0054783 0.0105547 0.0028927 0.0107441 0.0161324

Matrix 6 :
0.0000000 0.0000000 0.0000000 0.0000000 0.0000000 0.0000000 0.0000000 0.0000000 0.0000000 0.0000000 0.0000000 0.0000000 0.0000000 0.0000000 0.0000000 0.0000000 0.0000000 0.0000000 0.0000000 0.0000000 0.0000000
0.0000000 0.0005596 0.0002827 0.0003717 0.0001390 0.0004093 0.0002221 0.0002601 0.0003617 0.0000753 0.0004420 0.0002819 0.0002770 0.0003301 0.0002765 0.0002225 0.0003509 0.0003685 0.0001204 0.0003055 0.0002623
0.0000000 0.0002696 0.0013077 0.0008865 0.0004187 0.0013721 0.0007088 0.0009249 0.0011363 0.0001973 0.0012205 0.0008387 0.0008547 0.0010654 0.0008626 0.0005216 0.0009164 0.0008537 0.0004921 0.0007510 0.0008205
0.0000000 0.0004453 0.0011517 0.0021521 0.0004371 0.0013395 0.0007722 0.0009465 0.0013830 0.0002339 0.0016974 0.0009451 0.0010520 0.0012833 0.0011876 0.0006703 0.0012818 0.0011955 0.0007788 0.0011451 0.0012615
0.0000000 0.0001332 0.0004165 0.0003677 0.0006819 0.0009804 0.0004716 0.0006928 0.0008252 0.0001258 0.0008638 0.0006584 0.0007874 0.0007250 0.0005863 0.0005173 0.0007323 0.0008001 0.0003603 0.0007012 0.0008356
0.0000000 0.0004734 0.0013636 0.0010948 0.0009333 0.0042372 0.0017479 0.0020558 0.0022596 0.0002905 0.0022753 0.0019623 0.0018920 0.0020543 0.0016220 0.0013191 0.0017875 0.0021817 0.0007005 0.0018390 0.0020781
0.0000000 0.0002225 0.0005927 0.0005223 0.0004272 0.0014984 0.0014679 0.0014264 0.0011285 0.0001439 0.0010729 0.0010360 0.0011442 0.0010488 0.0006706 0.0005814 0.0008258 0.0009688 0.0003730 0.0009380 0.0010613
0.0000000 0.0002844 0.0008586 0.0006488 0.0005233 0.0019661 0.0014905 0.0021278 0.0018583 0.0001833 0.0016332 0.0017415 0.0016849 0.0015748 0.0013700 0.0008501 0.0014216 0.0016826 0.0006101 0.0014408 0.0017756
0.0000000 0.0003931 0.0010498 0.0011832 0.0008599 0.0025435 0.0013902 0.0020178 0.0051987 0.0004646 0.0051565 0.0037758 0.0030463 0.0041250 0.0028788 0.0020340 0.0039965 0.0042224 0.0011153 0.0029813 0.0041657
0.0000000 0.0000617 0.0001696 0.0001368 0.0000924 0.0002473 0.0001074 0.0001793 0.0003971 0.0013295 0.0003571 0.0002880 0.0002249 0.0003479 0.0002628 0.0001660 0.0002832 0.0002212 0.0001367 0.0002817 0.0002648
0.0000000 0.0006388 0.0021475 0.0023980 0.0013194 0.0042749 0.0019854 0.0031479 0.0069592 0.0006838 0.0490179 0.0055126 0.0046440 0.0070922 0.0079956 0.0038775 0.0083991 0.0071921 0.0025496 0.0053043 0.0069928
0.0000000 0.0005335 0.0013898 0.0014726 0.0008989 0.0029612 0.0018435 0.0026404 0.0048900 0.0005153 0.0055951 0.0160029 0.0038878 0.0049086 0.0034898 0.0026577 0.0050084 0.0053592 0.0013862 0.0034431 0.0050532
0.0000000 0.0004972 0.0011467 0.0011848 0.0008719 0.0025808 0.0015312 0.0022870 0.0036104 0.0004045 0.0040758 0.0036718 0.0079449 0.0059304 0.0036134 0.0023237 0.0048594 0.0038584 0.0012051 0.0032077 0.0039122
0.0000000 0.0005449 0.0013188 0.0015257 0.0009688 0.0028996 0.0015357 0.0022584 0.0048291 0.0005164 0.0065847 0.0048204 0.0061208 0.0100228 0.0049432 0.0030324 0.0066508 0.0054924 0.0017306 0.0036856 0.0051109
0.0000000 0.0005172 0.0015568 0.0015717 0.0009205 0.0029055 0.0014906 0.0023364 0.0040020 0.0005272 0.0086695 0.0037547 0.0042698 0.0058263 0.0088695 0.0028163 0.0076355 0.0051185 0.0020522 0.0037618 0.0048980
0.0000000 0.0003365 0.0008077 0.0008896 0.0005888 0.0019049 0.0010436 0.0014230 0.0025812 0.0002728 0.0037738 0.0023416 0.0024287 0.0029419 0.0024607 0.0028613 0.0035643 0.0039595 0.0011025 0.0026676 0.0038393
0.0000000 0.0006336 0.0017300 0.0020326 0.0011618 0.0033948 0.0018165 0.0028854 0.0053363 0.0006441 0.0094722 0.0057195 0.0058805 0.0077860 0.0073470 0.0039632 0.0212665 0.0090146 0.0022172 0.0045801 0.0065071
0.0000000 0.0005551 0.0015272 0.0016148 0.0009659 0.0032674 0.0016538 0.0027360 0.0051988 0.0004421 0.0068436 0.0053025 0.0043063 0.0056834 0.0045775 0.0037711 0.0079885 0.0108515 0.0017814 0.0044297 0.0065869
0.0000000 0.0002564 0.0007443 0.0009233 0.0004036 0.0011578 0.0006208 0.0010067 0.0016206 0.0002099 0.0023704 0.0014206 0.0014157 0.0017866 0.0018555 0.0011532 0.0018594 0.0017483 0.0027044 0.0015941 0.0016495
0.0000000 0.0004435 0.0012786 0.0015299 0.0008663 0.0029150 0.0015413 0.0022484 0.0037234 0.0004588 0.0051177 0.0033771 0.0032325 0.0038366 0.0033302 0.0027175 0.0040855 0.0041897 0.0016402 0.0073266 0.0054512
0.0000000 0.0005519 0.0016687 0.0018479 0.0012588 0.0038663 0.0020948 0.0030283 0.0052687 0.0005304 0.0073882 0.0052454 0.0047910 0.0056447 0.0048928 0.0040676 0.0061722 0.0070104 0.0018193 0.0061095 0.0116316

Matrix 7 :
0.0000000 0.0000000 0.0000000 0.0000000 0.0000000 0.0000000 0.0000000 0.0000000 0.0000000 0.0000000 0.0000000 0.0000000 0.0000000 0.0000000 0.0000000 0.0000000 0.0000000 0.0000000 0.0000000 0.0000000 0.0000000
0.0000000 0.0003521 0.0005668 0.0004991 0.0002524 0.0009064 0.0004915 0.0006406 0.0010038 0.0001932 0.0010271 0.0009045 0.0007371 0.0008231 0.0006917 0.0004435 0.0009146 0.0010151 0.0002764 0.0006773 0.0007511
0.0000000 0.0005668 0.0015983 0.0010112 0.0007129 0.0030690 0.0017525 0.0021794 0.0027785 0.0004038 0.0029071 0.0021506 0.0018867 0.0020858 0.0015721 0.0013870 0.0023995 0.0026081 0.0007977 0.0017368 0.0023036
0.0000000 0.0004991 0.0010112 0.0013390 0.0006329 0.0022339 0.0013471 0.0016849 0.0022112 0.0002771 0.0025474 0.0020584 0.0018089 0.0020933 0.0014755 0.0011789 0.0018908 0.0022643 0.0007010 0.0016001 0.0017932
0.0000000 0.0002524 0.0007129 0.0006329 0.0004909 0.0015844 0.0009435 0.0010883 0.0017273 0.0002030 0.0015866 0.0012809 0.0011299 0.0011032 0.0008061 0.0007016 0.0012723 0.0016091 0.0004142 0.0011194 0.0012872
0.0000000 0.0009064 0.0030690 0.0022339 0.0015844 0.0072099 0.0035483 0.0043427 0.0056352 0.0008674 0.0060078 0.0047776 0.0039140 0.0049174 0.0034289 0.0032594 0.0048560 0.0057794 0.0018122 0.0039841 0.0048021
0.0000000 0.0004915 0.0017525 0.0013471 0.0009435 0.0035483 0.0021145 0.0028523 0.0031553 0.0003389 0.0036380 0.0027412 0.0021191 0.0027319 0.0018577 0.0015564 0.0026950 0.0032673 0.0010240 0.0024844 0.0027177
0.0000000 0.0006406 0.0021794 0.0016849 0.0010883 0.0043427 0.0028523 0.0040605 0.0045288 0.0005234 0.0044083 0.0036050 0.0033820 0.0031932 0.0024294 0.0022149 0.0034710 0.0040165 0.0013277 0.0029530 0.0037616
0.0000000 0.0010038 0.0027785 0.0022112 0.0017273 0.0056352 0.0031553 0.0045288 0.0065483 0.0006622 0.0065532 0.0051896 0.0040316 0.0050347 0.0034900 0.0030034 0.0049739 0.0058914 0.0019294 0.0040158 0.0047939
0.0000000 0.0001932 0.0004038 0.0002771 0.0002030 0.0008674 0.0003389 0.0005234 0.0006622 0.0006031 0.0011226 0.0007385 0.0005821 0.0007399 0.0004795 0.0004228 0.0007187 0.0007911 0.0002426 0.0005018 0.0006326
0.0000000 0.0010271 0.0029071 0.0025474 0.0015866 0.0060078 0.0036380 0.0044083 0.0065532 0.0011226 0.0099949 0.0059162 0.0049237 0.0056857 0.0041130 0.0032392 0.0057120 0.0058909 0.0021191 0.0044342 0.0048737
0.0000000 0.0009045 0.0021506 0.0020584 0.0012809 0.0047776 0.0027412 0.0036050 0.0051896 0.0007385 0.0059162 0.0051231 0.0035456 0.0047164 0.0030121 0.0024144 0.0043155 0.0049406 0.0016055 0.0032881 0.0040547
0.0000000 0.0007371 0.0018867 0.0018089 0.0011299 0.0039140 0.0021191 0.0033820 0.0040316 0.0005821 0.0049237 0.0035456 0.0031380 0.0035142 0.0026182 0.0020463 0.0035271 0.0038910 0.0012165 0.0025739 0.0032921
0.0000000 0.0008231 0.0020858 0.0020933 0.0011032 0.0049174 0.0027319 0.0031932 0.0050347 0.0007399 0.0056857 0.0047164 0.0035142 0.0051990 0.0032374 0.0023204 0.0044870 0.0046295 0.0013333 0.0032047 0.0042405
0.0000000 0.0006917 0.0015721 0.0014755 0.0008061 0.0034289 0.0018577 0.0024294 0.0034900 0.0004795 0.0041130 0.0030121 0.0026182 0.0032374 0.0024015 0.0019741 0.0032847 0.0031856 0.0008953 0.0022532 0.0026073
0.0000000 0.0004435 0.0013870 0.0011789 0.0007016 0.0032594 0.0015564 0.0022149 0.0030034 0.0004228 0.0032392 0.0024144 0.0020463 0.0023204 0.0019741 0.0016630 0.0023608 0.0025936 0.0009189 0.0019572 0.0022422
0.0000000 0.0009146 0.0023995 0.0018908 0.0012723 0.0048560 0.0026950 0.0034710 0.0049739 0.0007187 0.0057120 0.0043155 0.0035271 0.0044870 0.0032847 0.0023608 0.0051013 0.0055312 0.0014436 0.0030160 0.0043278
0.0000000 0.0010151 0.0026081 0.0022643 0.0016091 0.0057794 0.0032673 0.0040165 0.0058914 0.0007911 0.0058909 0.0049406 0.0038910 0.0046295 0.0031856 0.0025936 0.0055312 0.0069499 0.0016390 0.0039265 0.0050686
0.0000000 0.0002764 0.0007977 0.0007010 0.0004142 0.0018122 0.0010240 0.0013277 0.0019294 0.0002426 0.0021191 0.0016055 0.0012165 0.0013333 0.0008953 0.0009189 0.0014436 0.0016390 0.0007321 0.0013656 0.0012972
0.0000000 0.0006773 0.0017368 0.0016001 0.0011194 0.0039841 0.0024844 0.0029530 0.0040158 0.0005018 0.0044342 0.0032881 0.0025739 0.0032047 0.0022532 0.0019572 0.0030160 0.0039265 0.0013656 0.0032149 0.0033182
0.0000000 0.0007511 0.0023036 0.0017932 0.0012872 0.0048021 0.0027177 0.0037616 0.0047939 0.0006326 0.0048737 0.0040547 0.0032921 0.0042405 0.0026073 0.0022422 0.0043278 0.0050686 0.0012972 0.0033182 0.0045245


