ss 1
solv 1
unaligned 0

Transition matrix:
0.0000000 0.0619501 0.4689510 0.4689510 0.0001478
0.0000000 0.9360060 0.0318924 0.0318924 0.0002091
0.0000000 0.0857102 0.9093995 0.0000031 0.0048873
0.0000000 0.0857112 0.0000031 0.9094098 0.0048760
0.0000000 0.2500000 0.2500000 0.2500000 0.2500000

Emission vector for indel state 1:
0.0000000
0.0148636
0.0372999
0.0355253
0.0203471
0.0808902
0.0447983
0.0553679
0.0758452
0.0107846
0.0770572
0.0567770
0.0550902
0.0646873
0.0490557
0.0399354
0.0661735
0.0754515
0.0223709
0.0524871
0.0651922

Emission vector for indel state 2:
0.0000000
0.0148636
0.0372999
0.0355253
0.0203471
0.0808902
0.0447983
0.0553679
0.0758452
0.0107846
0.0770572
0.0567770
0.0550902
0.0646873
0.0490557
0.0399354
0.0661735
0.0754515
0.0223709
0.0524871
0.0651922

Background frequencies:
0.0000000
0.0145211
0.0416972
0.0365313
0.0220610
0.0912118
0.0573394
0.0710501
0.0798825
0.0128565
0.0724445
0.0458587
0.0558434
0.0610202
0.0438345
0.0376260
0.0585862
0.0659619
0.0232451
0.0499801
0.0584485

Emission matrices:
Matrix 1 :
0.0000000 0.0000000 0.0000000 0.0000000 0.0000000 0.0000000 0.0000000 0.0000000 0.0000000 0.0000000 0.0000000 0.0000000 0.0000000 0.0000000 0.0000000 0.0000000 0.0000000 0.0000000 0.0000000 0.0000000 0.0000000
0.0000000 0.0006270 0.0008589 0.0007792 0.0003660 0.0014477 0.0009864 0.0011207 0.0011367 0.0001929 0.0008485 0.0005092 0.0007476 0.0007180 0.0005202 0.0004868 0.0006525 0.0007846 0.0003335 0.0006373 0.0006556
0.0000000 0.0008589 0.0026648 0.0021556 0.0012114 0.0057393 0.0038259 0.0042442 0.0034396 0.0006119 0.0024767 0.0014770 0.0021658 0.0021077 0.0013783 0.0012247 0.0016725 0.0018814 0.0009539 0.0015946 0.0016583
0.0000000 0.0007792 0.0021556 0.0018256 0.0008812 0.0038353 0.0024590 0.0031154 0.0029461 0.0005364 0.0022393 0.0013082 0.0019943 0.0019950 0.0014152 0.0012260 0.0016957 0.0020220 0.0009864 0.0016812 0.0018158
0.0000000 0.0003660 0.0012114 0.0008812 0.0006073 0.0029134 0.0017552 0.0021475 0.0019179 0.0003263 0.0013396 0.0007864 0.0011816 0.0011691 0.0007764 0.0007065 0.0009555 0.0011462 0.0004789 0.0010062 0.0010410
0.0000000 0.0014477 0.0057393 0.0038353 0.0029134 0.0124131 0.0092714 0.0101423 0.0081615 0.0014287 0.0047311 0.0030954 0.0046291 0.0042792 0.0027861 0.0027586 0.0036198 0.0042978 0.0017986 0.0036953 0.0040028
0.0000000 0.0009864 0.0038259 0.0024590 0.0017552 0.0092714 0.0054411 0.0081331 0.0050308 0.0009547 0.0029397 0.0019281 0.0029947 0.0027741 0.0017221 0.0015761 0.0020030 0.0024821 0.0011506 0.0022703 0.0023194
0.0000000 0.0011207 0.0042442 0.0031154 0.0021475 0.0101423 0.0081331 0.0077824 0.0064979 0.0012912 0.0040385 0.0025779 0.0041984 0.0036701 0.0022383 0.0020558 0.0026886 0.0033774 0.0015107 0.0028823 0.0031823
0.0000000 0.0011367 0.0034396 0.0029461 0.0019179 0.0081615 0.0050308 0.0064979 0.0075473 0.0012242 0.0058342 0.0031878 0.0044315 0.0049287 0.0031261 0.0029633 0.0041372 0.0050165 0.0017129 0.0037995 0.0043365
0.0000000 0.0001929 0.0006119 0.0005364 0.0003263 0.0014287 0.0009547 0.0012912 0.0012242 0.0008490 0.0008756 0.0004571 0.0007659 0.0007977 0.0004825 0.0004098 0.0005165 0.0005900 0.0002959 0.0005386 0.0005019
0.0000000 0.0008485 0.0024767 0.0022393 0.0013396 0.0047311 0.0029397 0.0040385 0.0058342 0.0008756 0.0109685 0.0033747 0.0038506 0.0046340 0.0034582 0.0023592 0.0041195 0.0041160 0.0016088 0.0030962 0.0038035
0.0000000 0.0005092 0.0014770 0.0013082 0.0007864 0.0030954 0.0019281 0.0025779 0.0031878 0.0004571 0.0033747 0.0033163 0.0023956 0.0027989 0.0019999 0.0015422 0.0026369 0.0027127 0.0010050 0.0020878 0.0025873
0.0000000 0.0007476 0.0021658 0.0019943 0.0011816 0.0046291 0.0029947 0.0041984 0.0044315 0.0007659 0.0038506 0.0023956 0.0035192 0.0041637 0.0025989 0.0022056 0.0032353 0.0035640 0.0013819 0.0029269 0.0031714
0.0000000 0.0007180 0.0021077 0.0019950 0.0011691 0.0042792 0.0027741 0.0036701 0.0049287 0.0007977 0.0046340 0.0027989 0.0041637 0.0040644 0.0030517 0.0024093 0.0038675 0.0040481 0.0014543 0.0031154 0.0035991
0.0000000 0.0005202 0.0013783 0.0014152 0.0007764 0.0027861 0.0017221 0.0022383 0.0031261 0.0004825 0.0034582 0.0019999 0.0025989 0.0030517 0.0024796 0.0017921 0.0030525 0.0029718 0.0010828 0.0023040 0.0026513
0.0000000 0.0004868 0.0012247 0.0012260 0.0007065 0.0027586 0.0015761 0.0020558 0.0029633 0.0004098 0.0023592 0.0015422 0.0022056 0.0024093 0.0017921 0.0015384 0.0024248 0.0031247 0.0009345 0.0022892 0.0027420
0.0000000 0.0006525 0.0016725 0.0016957 0.0009555 0.0036198 0.0020030 0.0026886 0.0041372 0.0005165 0.0041195 0.0026369 0.0032353 0.0038675 0.0030525 0.0024248 0.0055040 0.0048705 0.0013678 0.0030621 0.0036679
0.0000000 0.0007846 0.0018814 0.0020220 0.0011462 0.0042978 0.0024821 0.0033774 0.0050165 0.0005900 0.0041160 0.0027127 0.0035640 0.0040481 0.0029718 0.0031247 0.0048705 0.0052812 0.0014896 0.0039117 0.0047238
0.0000000 0.0003335 0.0009539 0.0009864 0.0004789 0.0017986 0.0011506 0.0015107 0.0017129 0.0002959 0.0016088 0.0010050 0.0013819 0.0014543 0.0010828 0.0009345 0.0013678 0.0014896 0.0013804 0.0012359 0.0014213
0.0000000 0.0006373 0.0015946 0.0016812 0.0010062 0.0036953 0.0022703 0.0028823 0.0037995 0.0005386 0.0030962 0.0020878 0.0029269 0.0031154 0.0023040 0.0022892 0.0030621 0.0039117 0.0012359 0.0030238 0.0038858
0.0000000 0.0006556 0.0016583 0.0018158 0.0010410 0.0040028 0.0023194 0.0031823 0.0043365 0.0005019 0.0038035 0.0025873 0.0031714 0.0035991 0.0026513 0.0027420 0.0036679 0.0047238 0.0014213 0.0038858 0.0041603


