ss 3
solv 1
unaligned 1

Transition matrix:
0.0000000 0.0001307 0.0001307 0.1406135 0.0238995 0.4175474 0.4175474 0.0001307
0.0000000 0.9006498 0.0010468 0.0794443 0.0049181 0.0101249 0.0038136 0.0000026
0.0000000 0.0066020 0.7779487 0.1998866 0.0036968 0.0073377 0.0045248 0.0000034
0.0000000 0.0666897 0.1276912 0.7324351 0.0142517 0.0254111 0.0324071 0.0011141
0.0000000 0.0313882 0.0224973 0.1399263 0.6759703 0.0644090 0.0644090 0.0013999
0.0000000 0.0165055 0.0141166 0.0878302 0.0371506 0.8329661 0.0000071 0.0114239
0.0000000 0.0085564 0.0081217 0.1017707 0.0371496 0.0000071 0.8329423 0.0114522
0.0000000 0.1428571 0.1428571 0.1428571 0.1428571 0.1428571 0.1428571 0.1428571

Emission vector for indel state 1:
0.0000000
0.0108048
0.0303876
0.0286036
0.0192839
0.0719566
0.0381766
0.0501209
0.0773898
0.0100607
0.0860471
0.0641813
0.0519477
0.0700812
0.0506984
0.0403815
0.0694857
0.0830639
0.0231494
0.0514529
0.0727266

Emission vector for indel state 2:
0.0000000
0.0108048
0.0303876
0.0286036
0.0192839
0.0719566
0.0381766
0.0501209
0.0773898
0.0100607
0.0860471
0.0641813
0.0519477
0.0700812
0.0506984
0.0403815
0.0694857
0.0830639
0.0231494
0.0514529
0.0727266

Background frequencies:
0.0000000
0.0131891
0.0393611
0.0343388
0.0216657
0.0915852
0.0578431
0.0729812
0.0829131
0.0132082
0.0753503
0.0463427
0.0543788
0.0586737
0.0418425
0.0362661
0.0584241
0.0680912
0.0230845
0.0507958
0.0596648

Emission matrices:
Matrix 1 :
0.0000000 0.0000000 0.0000000 0.0000000 0.0000000 0.0000000 0.0000000 0.0000000 0.0000000 0.0000000 0.0000000 0.0000000 0.0000000 0.0000000 0.0000000 0.0000000 0.0000000 0.0000000 0.0000000 0.0000000 0.0000000
0.0000000 0.0048306 0.0011502 0.0011659 0.0003536 0.0012741 0.0005162 0.0005879 0.0008118 0.0000947 0.0001825 0.0001365 0.0002405 0.0002729 0.0002325 0.0003045 0.0002239 0.0004970 0.0002648 0.0004516 0.0004111
0.0000000 0.0011330 0.0116062 0.0037073 0.0013386 0.0065015 0.0023540 0.0022527 0.0023260 0.0003364 0.0004498 0.0003505 0.0009381 0.0007477 0.0004897 0.0006608 0.0005345 0.0009855 0.0007129 0.0009380 0.0009035
0.0000000 0.0011446 0.0037646 0.0093237 0.0007594 0.0031182 0.0014162 0.0016202 0.0022654 0.0003020 0.0005880 0.0003679 0.0007756 0.0008289 0.0007887 0.0008705 0.0006686 0.0011959 0.0011101 0.0012303 0.0010934
0.0000000 0.0003379 0.0013666 0.0007703 0.0040146 0.0057964 0.0027687 0.0022990 0.0022493 0.0003652 0.0004606 0.0002954 0.0009257 0.0008503 0.0004627 0.0008789 0.0004052 0.0009952 0.0003787 0.0010136 0.0009755
0.0000000 0.0013210 0.0066653 0.0031483 0.0059060 0.0458940 0.0131289 0.0103987 0.0086440 0.0012230 0.0014469 0.0011015 0.0033393 0.0023820 0.0014262 0.0024787 0.0015905 0.0034420 0.0013600 0.0033911 0.0034516
0.0000000 0.0005068 0.0024703 0.0014315 0.0028329 0.0132416 0.0145050 0.0085074 0.0049829 0.0006277 0.0007947 0.0006323 0.0020007 0.0014259 0.0007412 0.0011979 0.0007790 0.0015151 0.0005874 0.0015866 0.0016548
0.0000000 0.0006005 0.0024301 0.0015973 0.0023220 0.0105324 0.0084831 0.0147788 0.0079632 0.0009675 0.0011776 0.0010162 0.0029942 0.0020354 0.0010514 0.0014880 0.0010559 0.0021506 0.0006594 0.0019184 0.0021225
0.0000000 0.0008714 0.0024734 0.0022910 0.0022753 0.0087691 0.0050322 0.0080244 0.0393028 0.0017935 0.0060549 0.0021499 0.0048770 0.0071636 0.0028753 0.0040301 0.0038282 0.0078195 0.0015476 0.0045488 0.0058458
0.0000000 0.0000930 0.0003408 0.0002929 0.0003487 0.0011976 0.0005924 0.0009477 0.0017261 0.0031031 0.0002988 0.0000878 0.0005206 0.0005483 0.0001967 0.0002151 0.0001454 0.0002752 0.0001196 0.0002424 0.0002267
0.0000000 0.0001680 0.0003830 0.0004682 0.0003969 0.0011489 0.0006338 0.0009816 0.0056423 0.0002890 0.0115659 0.0006806 0.0012220 0.0021724 0.0009186 0.0010189 0.0011070 0.0017368 0.0003782 0.0011985 0.0012922
0.0000000 0.0000857 0.0002983 0.0002960 0.0002461 0.0009206 0.0005253 0.0009087 0.0019126 0.0000810 0.0007311 0.0068301 0.0006694 0.0009408 0.0004218 0.0005708 0.0009016 0.0016245 0.0002508 0.0008107 0.0010018
0.0000000 0.0002016 0.0009002 0.0007495 0.0008987 0.0032353 0.0019302 0.0029383 0.0046692 0.0005440 0.0013137 0.0007090 0.0072947 0.0031271 0.0015022 0.0017250 0.0017501 0.0029359 0.0006339 0.0019196 0.0023953
0.0000000 0.0002563 0.0006670 0.0008044 0.0008230 0.0021753 0.0013000 0.0019038 0.0067249 0.0005204 0.0023186 0.0009707 0.0030699 0.0071048 0.0018623 0.0020017 0.0023045 0.0035553 0.0007551 0.0022227 0.0027499
0.0000000 0.0002048 0.0004516 0.0006618 0.0004472 0.0012225 0.0006536 0.0009092 0.0025950 0.0001742 0.0009517 0.0004576 0.0014265 0.0018573 0.0058101 0.0017504 0.0020713 0.0027154 0.0008474 0.0017595 0.0022977
0.0000000 0.0002933 0.0006683 0.0008400 0.0008955 0.0024573 0.0011757 0.0014365 0.0039613 0.0002196 0.0012577 0.0007447 0.0017938 0.0021572 0.0019177 0.0079157 0.0029377 0.0063269 0.0011352 0.0035062 0.0043807
0.0000000 0.0002211 0.0005113 0.0005976 0.0003806 0.0013545 0.0007160 0.0009435 0.0035743 0.0001451 0.0012315 0.0009833 0.0016865 0.0023480 0.0021471 0.0028629 0.0125905 0.0082256 0.0009151 0.0025399 0.0034251
0.0000000 0.0005098 0.0010121 0.0012004 0.0010367 0.0034423 0.0015654 0.0021493 0.0078686 0.0002909 0.0022380 0.0019320 0.0031088 0.0038819 0.0029829 0.0063754 0.0086990 0.0278375 0.0015785 0.0056438 0.0080496
0.0000000 0.0002518 0.0006441 0.0011174 0.0003472 0.0012015 0.0005777 0.0006377 0.0014889 0.0001238 0.0004285 0.0002939 0.0006300 0.0007926 0.0008670 0.0011272 0.0009101 0.0014713 0.0046064 0.0012361 0.0011675
0.0000000 0.0004337 0.0009296 0.0011952 0.0009940 0.0033364 0.0015676 0.0019000 0.0045174 0.0002343 0.0014290 0.0009386 0.0020091 0.0024416 0.0018723 0.0035142 0.0026630 0.0056498 0.0012450 0.0163135 0.0075523
0.0000000 0.0004124 0.0009459 0.0011031 0.0009786 0.0033785 0.0015948 0.0021481 0.0057402 0.0002500 0.0017255 0.0012159 0.0024682 0.0029423 0.0024591 0.0043340 0.0034900 0.0079727 0.0012822 0.0075174 0.0160911

Matrix 2 :
0.0000000 0.0000000 0.0000000 0.0000000 0.0000000 0.0000000 0.0000000 0.0000000 0.0000000 0.0000000 0.0000000 0.0000000 0.0000000 0.0000000 0.0000000 0.0000000 0.0000000 0.0000000 0.0000000 0.0000000 0.0000000
0.0000000 0.0074702 0.0015145 0.0014715 0.0002600 0.0011432 0.0007216 0.0007830 0.0004356 0.0001332 0.0003029 0.0001927 0.0004933 0.0003653 0.0002049 0.0002342 0.0001875 0.0002946 0.0002957 0.0004418 0.0003174
0.0000000 0.0015519 0.0174072 0.0061815 0.0015323 0.0069196 0.0053355 0.0054924 0.0020628 0.0006063 0.0008871 0.0006462 0.0015482 0.0011605 0.0006007 0.0007206 0.0004935 0.0008351 0.0010013 0.0009392 0.0010343
0.0000000 0.0014923 0.0061599 0.0162640 0.0007848 0.0032221 0.0027453 0.0033060 0.0016285 0.0005138 0.0008936 0.0005747 0.0015870 0.0012424 0.0008006 0.0008152 0.0006958 0.0011121 0.0013580 0.0013486 0.0012041
0.0000000 0.0002600 0.0014676 0.0007929 0.0028203 0.0039436 0.0025987 0.0029966 0.0012582 0.0003237 0.0004113 0.0002515 0.0011407 0.0006709 0.0003590 0.0005735 0.0002106 0.0005546 0.0003274 0.0005299 0.0005772
0.0000000 0.0011418 0.0069092 0.0031714 0.0039560 0.0353912 0.0157747 0.0163795 0.0040110 0.0011788 0.0015025 0.0013053 0.0034133 0.0018867 0.0011249 0.0014086 0.0008630 0.0016027 0.0009820 0.0020428 0.0018872
0.0000000 0.0007415 0.0053612 0.0027967 0.0027487 0.0160919 0.0303144 0.0242142 0.0037674 0.0009677 0.0012075 0.0010113 0.0036262 0.0017300 0.0008064 0.0010436 0.0007248 0.0015458 0.0009159 0.0015717 0.0016767
0.0000000 0.0007725 0.0055412 0.0033741 0.0030667 0.0166632 0.0241408 0.0482077 0.0083590 0.0021371 0.0023318 0.0017009 0.0067564 0.0032948 0.0015448 0.0017828 0.0012553 0.0030189 0.0013131 0.0026001 0.0029491
0.0000000 0.0004220 0.0019349 0.0015170 0.0011735 0.0039685 0.0035710 0.0079473 0.0171042 0.0015055 0.0051678 0.0015940 0.0035517 0.0043635 0.0010967 0.0011685 0.0010857 0.0016366 0.0008495 0.0017045 0.0015169
0.0000000 0.0001052 0.0006029 0.0005052 0.0003345 0.0011415 0.0009679 0.0020516 0.0015962 0.0053793 0.0006184 0.0002681 0.0009939 0.0007697 0.0002918 0.0001899 0.0001653 0.0002658 0.0001906 0.0003156 0.0002473
0.0000000 0.0002021 0.0007283 0.0007055 0.0003848 0.0012666 0.0010005 0.0018789 0.0049834 0.0005892 0.0264692 0.0006017 0.0016413 0.0025709 0.0009479 0.0006182 0.0010698 0.0010295 0.0004798 0.0009506 0.0010443
0.0000000 0.0001166 0.0004397 0.0003364 0.0001597 0.0008685 0.0006415 0.0010187 0.0011878 0.0001864 0.0005542 0.0081396 0.0008140 0.0009299 0.0004223 0.0004113 0.0005973 0.0008323 0.0002397 0.0006521 0.0007610
0.0000000 0.0004527 0.0015012 0.0015387 0.0010750 0.0033244 0.0034650 0.0064014 0.0035404 0.0009729 0.0018796 0.0012609 0.0170795 0.0056757 0.0021176 0.0021313 0.0018242 0.0035498 0.0012475 0.0029173 0.0035975
0.0000000 0.0003313 0.0010807 0.0010796 0.0006565 0.0017587 0.0015368 0.0030966 0.0043004 0.0007256 0.0026874 0.0012300 0.0055714 0.0108819 0.0020313 0.0015217 0.0020085 0.0025106 0.0011440 0.0021703 0.0023604
0.0000000 0.0001733 0.0005485 0.0007050 0.0003086 0.0009742 0.0007034 0.0012023 0.0010169 0.0002539 0.0008276 0.0004856 0.0019672 0.0020638 0.0068149 0.0008919 0.0019703 0.0012431 0.0008383 0.0011731 0.0013950
0.0000000 0.0002276 0.0006848 0.0007659 0.0005857 0.0013911 0.0009897 0.0016671 0.0011522 0.0001907 0.0007239 0.0005950 0.0021253 0.0015772 0.0010444 0.0048944 0.0010863 0.0024121 0.0009603 0.0019673 0.0024146
0.0000000 0.0001489 0.0003754 0.0006433 0.0001894 0.0006881 0.0005769 0.0010015 0.0010687 0.0001731 0.0010583 0.0007350 0.0016298 0.0018664 0.0020006 0.0009412 0.0126788 0.0028411 0.0006182 0.0011610 0.0012680
0.0000000 0.0002782 0.0007782 0.0010294 0.0005558 0.0015708 0.0014225 0.0027680 0.0016926 0.0002608 0.0012404 0.0012042 0.0035542 0.0025455 0.0014071 0.0024196 0.0031473 0.0129524 0.0010433 0.0025590 0.0033742
0.0000000 0.0002872 0.0009289 0.0013696 0.0003167 0.0010022 0.0008532 0.0012565 0.0007902 0.0001900 0.0005718 0.0004168 0.0012463 0.0011671 0.0009155 0.0009533 0.0006788 0.0010451 0.0062249 0.0012927 0.0011077
0.0000000 0.0004441 0.0009772 0.0012974 0.0005463 0.0020540 0.0014996 0.0024258 0.0017259 0.0002974 0.0010653 0.0009277 0.0029926 0.0022187 0.0012878 0.0019886 0.0013437 0.0026525 0.0013022 0.0125826 0.0050500
0.0000000 0.0003268 0.0009943 0.0011678 0.0005806 0.0018206 0.0015340 0.0027916 0.0016117 0.0002694 0.0012263 0.0011992 0.0036632 0.0024430 0.0016025 0.0024471 0.0015856 0.0034721 0.0011162 0.0050635 0.0110806

Matrix 3 :
0.0000000 0.0000000 0.0000000 0.0000000 0.0000000 0.0000000 0.0000000 0.0000000 0.0000000 0.0000000 0.0000000 0.0000000 0.0000000 0.0000000 0.0000000 0.0000000 0.0000000 0.0000000 0.0000000 0.0000000 0.0000000
0.0000000 0.0039102 0.0009895 0.0009106 0.0002025 0.0007992 0.0003218 0.0003036 0.0004195 0.0000562 0.0003790 0.0003136 0.0002894 0.0003746 0.0002176 0.0002015 0.0002529 0.0003380 0.0002490 0.0002850 0.0002441
0.0000000 0.0009806 0.0093634 0.0030962 0.0008752 0.0038506 0.0017161 0.0017384 0.0013605 0.0002646 0.0011010 0.0009473 0.0009255 0.0009333 0.0007588 0.0005395 0.0006596 0.0007912 0.0006950 0.0006817 0.0007330
0.0000000 0.0009153 0.0030620 0.0083944 0.0005381 0.0019937 0.0010081 0.0011893 0.0012907 0.0002615 0.0011547 0.0008818 0.0008850 0.0011598 0.0010253 0.0006292 0.0010629 0.0008921 0.0010811 0.0009122 0.0009383
0.0000000 0.0002155 0.0008923 0.0005241 0.0027075 0.0026945 0.0013123 0.0011412 0.0010719 0.0001984 0.0007109 0.0005955 0.0007601 0.0007725 0.0005126 0.0005459 0.0005859 0.0005765 0.0002948 0.0006433 0.0007173
0.0000000 0.0007611 0.0037210 0.0020004 0.0025958 0.0215940 0.0058807 0.0053059 0.0034445 0.0006311 0.0020432 0.0024349 0.0026034 0.0020798 0.0014238 0.0014475 0.0014411 0.0017492 0.0010517 0.0018499 0.0020733
0.0000000 0.0003171 0.0016034 0.0009634 0.0011657 0.0055896 0.0074624 0.0053806 0.0018831 0.0003600 0.0008793 0.0013952 0.0015445 0.0010606 0.0007074 0.0006656 0.0007195 0.0009276 0.0005066 0.0008821 0.0009174
0.0000000 0.0002996 0.0015607 0.0011659 0.0010785 0.0050183 0.0054465 0.0102301 0.0036039 0.0005863 0.0014553 0.0021405 0.0026700 0.0016971 0.0010124 0.0009070 0.0011967 0.0014877 0.0007006 0.0012821 0.0015561
0.0000000 0.0003785 0.0013177 0.0013388 0.0011030 0.0033671 0.0019645 0.0038093 0.0154740 0.0011544 0.0057505 0.0040874 0.0035110 0.0054485 0.0024492 0.0018763 0.0031292 0.0034138 0.0010006 0.0023390 0.0031318
0.0000000 0.0000751 0.0002631 0.0002744 0.0002053 0.0006754 0.0003892 0.0006560 0.0011539 0.0056248 0.0006675 0.0004046 0.0006189 0.0006993 0.0003631 0.0001968 0.0004223 0.0002427 0.0002024 0.0002540 0.0003221
0.0000000 0.0004538 0.0012553 0.0013713 0.0007802 0.0024373 0.0011417 0.0018999 0.0062077 0.0006938 0.0643787 0.0036281 0.0034441 0.0059827 0.0058053 0.0024807 0.0059180 0.0043755 0.0016898 0.0030195 0.0043169
0.0000000 0.0004031 0.0011191 0.0010898 0.0006935 0.0028569 0.0017141 0.0026543 0.0045373 0.0004610 0.0036157 0.0318834 0.0030144 0.0038882 0.0021975 0.0018043 0.0035972 0.0036702 0.0010193 0.0023853 0.0035844
0.0000000 0.0003469 0.0009863 0.0009368 0.0008234 0.0027450 0.0017033 0.0029373 0.0036905 0.0006125 0.0032197 0.0027034 0.0140884 0.0067152 0.0031120 0.0017477 0.0034164 0.0028614 0.0009885 0.0021706 0.0030688
0.0000000 0.0004095 0.0010500 0.0012813 0.0008041 0.0023311 0.0012853 0.0019296 0.0058520 0.0007498 0.0057888 0.0036767 0.0068276 0.0162028 0.0043574 0.0022513 0.0052003 0.0039520 0.0014514 0.0028768 0.0035961
0.0000000 0.0002603 0.0008230 0.0011902 0.0005569 0.0016867 0.0008442 0.0013436 0.0027315 0.0004054 0.0058527 0.0021284 0.0032685 0.0043414 0.0142724 0.0021682 0.0063034 0.0032330 0.0016839 0.0023615 0.0035282
0.0000000 0.0002150 0.0005555 0.0006852 0.0005245 0.0014762 0.0007176 0.0010218 0.0019436 0.0001926 0.0022167 0.0015456 0.0016943 0.0020878 0.0019345 0.0044682 0.0022127 0.0029511 0.0010001 0.0019546 0.0027177
0.0000000 0.0002792 0.0007523 0.0011546 0.0006195 0.0017459 0.0008638 0.0014479 0.0033505 0.0004177 0.0058217 0.0034438 0.0035901 0.0052527 0.0062217 0.0023651 0.0275551 0.0068429 0.0014860 0.0024433 0.0037737
0.0000000 0.0003375 0.0008045 0.0009397 0.0005413 0.0017689 0.0009625 0.0016448 0.0033382 0.0002328 0.0038283 0.0031835 0.0027152 0.0036591 0.0029089 0.0029062 0.0062593 0.0129229 0.0012254 0.0025687 0.0042063
0.0000000 0.0002651 0.0007972 0.0010679 0.0003276 0.0011707 0.0005536 0.0007539 0.0010863 0.0001992 0.0015908 0.0008733 0.0009925 0.0014060 0.0016196 0.0010111 0.0014525 0.0013132 0.0071331 0.0011943 0.0012950
0.0000000 0.0002985 0.0006650 0.0009733 0.0006493 0.0018883 0.0009427 0.0014059 0.0023518 0.0002720 0.0027567 0.0021077 0.0020494 0.0026649 0.0021965 0.0019347 0.0022274 0.0025055 0.0011810 0.0122971 0.0048944
0.0000000 0.0002371 0.0007228 0.0009528 0.0007126 0.0021754 0.0010560 0.0016327 0.0031605 0.0002890 0.0038439 0.0031339 0.0029675 0.0033850 0.0032651 0.0027362 0.0035221 0.0042092 0.0011946 0.0049149 0.0120942

Matrix 4 :
0.0000000 0.0000000 0.0000000 0.0000000 0.0000000 0.0000000 0.0000000 0.0000000 0.0000000 0.0000000 0.0000000 0.0000000 0.0000000 0.0000000 0.0000000 0.0000000 0.0000000 0.0000000 0.0000000 0.0000000 0.0000000
0.0000000 0.0007719 0.0002744 0.0005449 0.0002093 0.0008345 0.0004014 0.0004249 0.0007670 0.0001504 0.0009559 0.0006749 0.0004210 0.0007395 0.0006305 0.0006605 0.0008216 0.0007032 0.0002690 0.0006491 0.0005915
0.0000000 0.0002744 0.0020603 0.0011582 0.0007143 0.0031406 0.0014521 0.0019957 0.0023910 0.0003321 0.0024847 0.0025676 0.0016379 0.0020374 0.0014230 0.0012499 0.0021576 0.0023139 0.0006605 0.0015775 0.0021231
0.0000000 0.0005449 0.0011582 0.0016160 0.0005522 0.0021508 0.0012100 0.0016039 0.0018473 0.0003216 0.0024377 0.0017647 0.0014040 0.0024088 0.0013897 0.0013301 0.0020649 0.0023563 0.0008955 0.0012298 0.0018522
0.0000000 0.0002093 0.0007143 0.0005522 0.0008938 0.0018489 0.0008774 0.0011835 0.0014507 0.0002368 0.0017456 0.0017174 0.0009174 0.0014044 0.0009122 0.0006825 0.0010378 0.0012843 0.0004628 0.0010120 0.0012574
0.0000000 0.0008345 0.0031406 0.0021508 0.0018489 0.0073911 0.0028368 0.0037469 0.0055223 0.0006452 0.0051084 0.0051530 0.0037740 0.0048477 0.0028835 0.0026707 0.0045055 0.0050490 0.0015410 0.0031900 0.0048353
0.0000000 0.0004014 0.0014521 0.0012100 0.0008774 0.0028368 0.0026848 0.0022130 0.0025987 0.0002484 0.0026791 0.0026043 0.0020500 0.0021976 0.0017337 0.0015123 0.0026423 0.0030316 0.0008103 0.0019148 0.0026834
0.0000000 0.0004249 0.0019957 0.0016039 0.0011835 0.0037469 0.0022130 0.0042744 0.0040044 0.0004464 0.0038482 0.0035975 0.0031953 0.0033976 0.0021970 0.0019724 0.0039330 0.0037968 0.0010549 0.0024800 0.0030248
0.0000000 0.0007670 0.0023910 0.0018473 0.0014507 0.0055223 0.0025987 0.0040044 0.0069491 0.0007997 0.0066421 0.0049345 0.0040027 0.0053931 0.0036680 0.0026331 0.0048883 0.0053528 0.0013116 0.0038135 0.0050877
0.0000000 0.0001504 0.0003321 0.0003216 0.0002368 0.0006452 0.0002484 0.0004464 0.0007997 0.0008659 0.0008565 0.0007516 0.0005477 0.0009632 0.0004174 0.0003078 0.0006041 0.0006526 0.0001397 0.0004683 0.0006520
0.0000000 0.0009559 0.0024847 0.0024377 0.0017456 0.0051084 0.0026791 0.0038482 0.0066421 0.0008565 0.0148368 0.0061658 0.0041759 0.0068061 0.0041557 0.0030981 0.0057554 0.0057904 0.0021765 0.0042355 0.0051505
0.0000000 0.0006749 0.0025676 0.0017647 0.0017174 0.0051530 0.0026043 0.0035975 0.0049345 0.0007516 0.0061658 0.0088758 0.0038796 0.0047316 0.0034049 0.0024227 0.0043592 0.0051012 0.0016095 0.0031303 0.0042477
0.0000000 0.0004210 0.0016379 0.0014040 0.0009174 0.0037740 0.0020500 0.0031953 0.0040027 0.0005477 0.0041759 0.0038796 0.0048732 0.0041282 0.0027169 0.0022424 0.0037849 0.0039825 0.0011461 0.0025843 0.0034558
0.0000000 0.0007395 0.0020374 0.0024088 0.0014044 0.0048477 0.0021976 0.0033976 0.0053931 0.0009632 0.0068061 0.0047316 0.0041282 0.0063340 0.0032624 0.0027345 0.0051031 0.0051413 0.0016671 0.0029017 0.0045336
0.0000000 0.0006305 0.0014230 0.0013897 0.0009122 0.0028835 0.0017337 0.0021970 0.0036680 0.0004174 0.0041557 0.0034049 0.0027169 0.0032624 0.0032116 0.0016776 0.0034053 0.0035977 0.0009988 0.0024426 0.0034253
0.0000000 0.0006605 0.0012499 0.0013301 0.0006825 0.0026707 0.0015123 0.0019724 0.0026331 0.0003078 0.0030981 0.0024227 0.0022424 0.0027345 0.0016776 0.0018823 0.0027471 0.0030926 0.0010045 0.0021172 0.0026854
0.0000000 0.0008216 0.0021576 0.0020649 0.0010378 0.0045055 0.0026423 0.0039330 0.0048883 0.0006041 0.0057554 0.0043592 0.0037849 0.0051031 0.0034053 0.0027471 0.0060771 0.0054875 0.0014507 0.0032549 0.0048113
0.0000000 0.0007032 0.0023139 0.0023563 0.0012843 0.0050490 0.0030316 0.0037968 0.0053528 0.0006526 0.0057904 0.0051012 0.0039825 0.0051413 0.0035977 0.0030926 0.0054875 0.0079305 0.0016728 0.0036368 0.0058169
0.0000000 0.0002690 0.0006605 0.0008955 0.0004628 0.0015410 0.0008103 0.0010549 0.0013116 0.0001397 0.0021765 0.0016095 0.0011461 0.0016671 0.0009988 0.0010045 0.0014507 0.0016728 0.0012919 0.0013385 0.0013812
0.0000000 0.0006491 0.0015775 0.0012298 0.0010120 0.0031900 0.0019148 0.0024800 0.0038135 0.0004683 0.0042355 0.0031303 0.0025843 0.0029017 0.0024426 0.0021172 0.0032549 0.0036368 0.0013385 0.0038619 0.0041001
0.0000000 0.0005915 0.0021231 0.0018522 0.0012574 0.0048353 0.0026834 0.0030248 0.0050877 0.0006520 0.0051505 0.0042477 0.0034558 0.0045336 0.0034253 0.0026854 0.0048113 0.0058169 0.0013812 0.0041001 0.0053521


