ss 1
solv 3
unaligned 1

Transition matrix:
0.0000000 0.0020175 0.0141607 0.0326287 0.0229423 0.4640660 0.4640660 0.0001190
0.0000000 0.4486097 0.3269379 0.1741868 0.0186884 0.0195612 0.0119715 0.0000446
0.0000000 0.3837786 0.2584798 0.2807395 0.0267087 0.0271777 0.0229714 0.0001443
0.0000000 0.2451948 0.3456355 0.3035218 0.0336952 0.0278587 0.0436661 0.0004279
0.0000000 0.0398166 0.0543748 0.0609327 0.7310566 0.0566744 0.0566744 0.0004703
0.0000000 0.0172056 0.0204103 0.0193415 0.0398250 0.8976304 0.0000028 0.0055844
0.0000000 0.0105901 0.0180049 0.0283626 0.0398251 0.0000028 0.8976338 0.0055806
0.0000000 0.1428571 0.1428571 0.1428571 0.1428571 0.1428571 0.1428571 0.1428571

Emission vector for indel state 1:
0.0000000
0.0137909
0.0364374
0.0335474
0.0199957
0.0802897
0.0448124
0.0549358
0.0759724
0.0105529
0.0787555
0.0588679
0.0537170
0.0645809
0.0477670
0.0396052
0.0665292
0.0781789
0.0221116
0.0534695
0.0660826

Emission vector for indel state 2:
0.0000000
0.0137909
0.0364374
0.0335474
0.0199957
0.0802897
0.0448124
0.0549358
0.0759724
0.0105529
0.0787555
0.0588679
0.0537170
0.0645809
0.0477670
0.0396052
0.0665292
0.0781789
0.0221116
0.0534695
0.0660826

Background frequencies:
0.0000000
0.0137230
0.0405517
0.0346135
0.0216865
0.0923840
0.0577330
0.0730541
0.0820454
0.0127908
0.0737583
0.0460152
0.0544736
0.0597037
0.0424369
0.0368970
0.0583180
0.0675464
0.0231494
0.0506955
0.0584242

Emission matrices:
Matrix 1 :
0.0000000 0.0000000 0.0000000 0.0000000 0.0000000 0.0000000 0.0000000 0.0000000 0.0000000 0.0000000 0.0000000 0.0000000 0.0000000 0.0000000 0.0000000 0.0000000 0.0000000 0.0000000 0.0000000 0.0000000 0.0000000
0.0000000 0.0024676 0.0015341 0.0011630 0.0004420 0.0023726 0.0014189 0.0015517 0.0013072 0.0002098 0.0006957 0.0003854 0.0006972 0.0006216 0.0003804 0.0003450 0.0004027 0.0004530 0.0003779 0.0005339 0.0003983
0.0000000 0.0016318 0.0083852 0.0039861 0.0021548 0.0112914 0.0074255 0.0083731 0.0053440 0.0010590 0.0024449 0.0013300 0.0025352 0.0020931 0.0011556 0.0011366 0.0012804 0.0013648 0.0011535 0.0014583 0.0012682
0.0000000 0.0011254 0.0035715 0.0040845 0.0010533 0.0046305 0.0031179 0.0038141 0.0028006 0.0005213 0.0015092 0.0007724 0.0015360 0.0013960 0.0008601 0.0007253 0.0008320 0.0009576 0.0009313 0.0010779 0.0008701
0.0000000 0.0004538 0.0021510 0.0012270 0.0015700 0.0058096 0.0036139 0.0041009 0.0031015 0.0005645 0.0012378 0.0006777 0.0012983 0.0011574 0.0005782 0.0005752 0.0006503 0.0006632 0.0004856 0.0007614 0.0006677
0.0000000 0.0026070 0.0115486 0.0058717 0.0059562 0.0391487 0.0205153 0.0220265 0.0134030 0.0026323 0.0049159 0.0030685 0.0056575 0.0044151 0.0023312 0.0024592 0.0023622 0.0031352 0.0021233 0.0033578 0.0030181
0.0000000 0.0015976 0.0077803 0.0040948 0.0036496 0.0209789 0.0191797 0.0197114 0.0089307 0.0018166 0.0034035 0.0020991 0.0042675 0.0030215 0.0015772 0.0014848 0.0015227 0.0018295 0.0013302 0.0020080 0.0019340
0.0000000 0.0018480 0.0086849 0.0049756 0.0043106 0.0226523 0.0197587 0.0271033 0.0129930 0.0027584 0.0049499 0.0029657 0.0061547 0.0045725 0.0022054 0.0020748 0.0022069 0.0026444 0.0018488 0.0027860 0.0026093
0.0000000 0.0015631 0.0056788 0.0038880 0.0032875 0.0143216 0.0093417 0.0132744 0.0213833 0.0026398 0.0080696 0.0029817 0.0059275 0.0061262 0.0026780 0.0023864 0.0027476 0.0033158 0.0018711 0.0031786 0.0033371
0.0000000 0.0003146 0.0012395 0.0007900 0.0006560 0.0028573 0.0019670 0.0029363 0.0027418 0.0034216 0.0014353 0.0004996 0.0011962 0.0012774 0.0005805 0.0005222 0.0005608 0.0005471 0.0004018 0.0005729 0.0005147
0.0000000 0.0007571 0.0022553 0.0019372 0.0012292 0.0043857 0.0029871 0.0043903 0.0073851 0.0011054 0.0175319 0.0020988 0.0032083 0.0042926 0.0022313 0.0014828 0.0023342 0.0021572 0.0012312 0.0022195 0.0018300
0.0000000 0.0003033 0.0010325 0.0007247 0.0005485 0.0023813 0.0015857 0.0022837 0.0023398 0.0003711 0.0017694 0.0046203 0.0013585 0.0014636 0.0007894 0.0005427 0.0009712 0.0007932 0.0004688 0.0008133 0.0008281
0.0000000 0.0006494 0.0022597 0.0016537 0.0011480 0.0049586 0.0037237 0.0053203 0.0048282 0.0009602 0.0027068 0.0014036 0.0048018 0.0034246 0.0015035 0.0011161 0.0015559 0.0014684 0.0009699 0.0014404 0.0012355
0.0000000 0.0005815 0.0019209 0.0015668 0.0010945 0.0038604 0.0025807 0.0040093 0.0052480 0.0010960 0.0039034 0.0014679 0.0037175 0.0049883 0.0018268 0.0012563 0.0019406 0.0017216 0.0011106 0.0016293 0.0015415
0.0000000 0.0002843 0.0006597 0.0006785 0.0003928 0.0014334 0.0009916 0.0013896 0.0015492 0.0003096 0.0012566 0.0005762 0.0012626 0.0014015 0.0026689 0.0006301 0.0011251 0.0008533 0.0006306 0.0007251 0.0006188
0.0000000 0.0002114 0.0006263 0.0005756 0.0003693 0.0014372 0.0008320 0.0011504 0.0011821 0.0002188 0.0007779 0.0002692 0.0007856 0.0007466 0.0005423 0.0010091 0.0005277 0.0006363 0.0003731 0.0006414 0.0005560
0.0000000 0.0002055 0.0005967 0.0005911 0.0003490 0.0011246 0.0007335 0.0010802 0.0013024 0.0002410 0.0012051 0.0005000 0.0010172 0.0013346 0.0011309 0.0006777 0.0059827 0.0014306 0.0005685 0.0007153 0.0006889
0.0000000 0.0001956 0.0005618 0.0006052 0.0003020 0.0012110 0.0007156 0.0010135 0.0012203 0.0001707 0.0009288 0.0003449 0.0008265 0.0009033 0.0005416 0.0006076 0.0012285 0.0026806 0.0003533 0.0006192 0.0006468
0.0000000 0.0002935 0.0008074 0.0008291 0.0003436 0.0013690 0.0008571 0.0011302 0.0010634 0.0002333 0.0007521 0.0004117 0.0007214 0.0007725 0.0005544 0.0003793 0.0005482 0.0005041 0.0028477 0.0005992 0.0003997
0.0000000 0.0002453 0.0004710 0.0004811 0.0002960 0.0010407 0.0006394 0.0008195 0.0009225 0.0001337 0.0007446 0.0002963 0.0006232 0.0006194 0.0004281 0.0004049 0.0004432 0.0005423 0.0003767 0.0020037 0.0006479
0.0000000 0.0000809 0.0002788 0.0002687 0.0001623 0.0005660 0.0003663 0.0005147 0.0005636 0.0000782 0.0002921 0.0001667 0.0003320 0.0003665 0.0002135 0.0002794 0.0002514 0.0002974 0.0001663 0.0004621 0.0013434

Matrix 2 :
0.0000000 0.0000000 0.0000000 0.0000000 0.0000000 0.0000000 0.0000000 0.0000000 0.0000000 0.0000000 0.0000000 0.0000000 0.0000000 0.0000000 0.0000000 0.0000000 0.0000000 0.0000000 0.0000000 0.0000000 0.0000000
0.0000000 0.0010371 0.0009641 0.0011564 0.0003202 0.0014813 0.0009561 0.0011990 0.0011544 0.0001946 0.0008394 0.0006058 0.0008506 0.0008109 0.0005501 0.0005699 0.0006789 0.0009488 0.0004681 0.0009850 0.0008312
0.0000000 0.0008567 0.0032590 0.0025698 0.0009728 0.0043819 0.0027068 0.0029960 0.0028096 0.0004980 0.0019437 0.0011445 0.0019914 0.0016936 0.0011270 0.0012744 0.0012730 0.0018707 0.0009893 0.0018805 0.0017982
0.0000000 0.0011750 0.0029331 0.0040522 0.0011015 0.0045928 0.0029487 0.0036626 0.0035793 0.0005857 0.0025076 0.0014483 0.0025061 0.0024556 0.0017181 0.0016657 0.0019515 0.0026291 0.0015494 0.0025378 0.0026818
0.0000000 0.0003014 0.0009853 0.0009304 0.0009226 0.0027308 0.0013641 0.0018440 0.0017466 0.0002850 0.0011469 0.0006866 0.0011867 0.0011545 0.0007352 0.0009169 0.0009516 0.0013413 0.0005192 0.0012234 0.0013853
0.0000000 0.0012393 0.0041757 0.0034002 0.0025970 0.0120708 0.0065322 0.0075308 0.0068587 0.0009803 0.0035244 0.0026416 0.0043041 0.0038140 0.0025536 0.0030645 0.0032450 0.0048871 0.0018864 0.0045961 0.0047298
0.0000000 0.0007407 0.0023561 0.0019848 0.0013449 0.0061090 0.0045933 0.0052913 0.0038291 0.0005825 0.0019763 0.0015911 0.0028264 0.0022975 0.0014829 0.0016595 0.0017665 0.0027956 0.0011039 0.0027380 0.0026948
0.0000000 0.0008363 0.0027110 0.0024882 0.0016003 0.0067087 0.0051866 0.0073189 0.0050622 0.0007834 0.0027126 0.0020664 0.0039811 0.0032866 0.0019766 0.0021189 0.0023517 0.0036454 0.0014229 0.0033765 0.0036638
0.0000000 0.0007224 0.0022171 0.0021547 0.0013605 0.0050130 0.0030217 0.0043416 0.0073763 0.0008031 0.0041356 0.0024669 0.0034367 0.0039024 0.0024139 0.0026095 0.0032501 0.0044174 0.0015118 0.0035214 0.0039532
0.0000000 0.0000931 0.0003229 0.0003355 0.0001884 0.0007764 0.0004038 0.0006222 0.0008233 0.0015285 0.0005655 0.0003090 0.0005532 0.0006363 0.0003527 0.0003514 0.0004199 0.0004470 0.0002454 0.0004798 0.0005435
0.0000000 0.0004402 0.0012791 0.0012132 0.0007436 0.0023223 0.0014697 0.0019875 0.0035215 0.0005416 0.0133640 0.0018200 0.0021622 0.0029911 0.0022144 0.0014411 0.0025334 0.0024132 0.0010056 0.0020086 0.0021893
0.0000000 0.0005251 0.0012714 0.0012715 0.0007283 0.0027672 0.0017492 0.0025158 0.0033492 0.0003652 0.0030608 0.0063404 0.0026053 0.0027054 0.0021036 0.0015485 0.0028050 0.0029328 0.0010473 0.0023965 0.0029847
0.0000000 0.0007305 0.0019908 0.0022165 0.0011974 0.0043368 0.0029512 0.0042974 0.0043277 0.0006887 0.0033634 0.0023036 0.0064241 0.0047943 0.0029648 0.0025368 0.0035473 0.0043303 0.0016346 0.0037617 0.0040304
0.0000000 0.0006543 0.0015369 0.0019099 0.0010466 0.0035570 0.0022511 0.0031261 0.0044946 0.0006395 0.0042682 0.0022883 0.0043799 0.0058736 0.0028745 0.0024012 0.0040258 0.0040664 0.0015768 0.0032088 0.0035911
0.0000000 0.0004482 0.0011667 0.0014646 0.0006623 0.0024820 0.0013976 0.0020521 0.0028423 0.0004160 0.0030586 0.0016818 0.0026265 0.0027550 0.0037476 0.0017581 0.0033015 0.0027385 0.0012294 0.0025183 0.0027413
0.0000000 0.0005421 0.0014394 0.0015947 0.0008632 0.0032305 0.0017889 0.0024564 0.0033528 0.0005171 0.0022935 0.0013755 0.0025933 0.0026662 0.0021520 0.0027460 0.0026697 0.0037313 0.0012658 0.0030826 0.0034014
0.0000000 0.0005290 0.0014002 0.0015286 0.0008495 0.0029110 0.0017626 0.0024987 0.0037884 0.0005293 0.0033963 0.0023765 0.0034661 0.0038684 0.0034835 0.0024999 0.0109128 0.0050850 0.0014368 0.0029271 0.0035110
0.0000000 0.0007731 0.0019654 0.0021724 0.0011986 0.0048457 0.0028455 0.0039620 0.0054452 0.0005788 0.0035207 0.0022692 0.0041456 0.0041763 0.0030738 0.0037429 0.0053374 0.0094232 0.0018428 0.0048825 0.0052430
0.0000000 0.0004898 0.0012834 0.0015796 0.0006258 0.0023897 0.0014464 0.0019528 0.0022823 0.0003783 0.0019732 0.0010682 0.0019061 0.0019199 0.0015306 0.0013578 0.0017943 0.0020535 0.0032407 0.0020474 0.0019267
0.0000000 0.0010347 0.0024325 0.0027452 0.0013905 0.0058105 0.0034912 0.0045176 0.0055345 0.0007372 0.0039183 0.0026227 0.0042219 0.0040146 0.0032210 0.0034359 0.0036775 0.0056071 0.0021147 0.0085731 0.0062758
0.0000000 0.0007580 0.0019418 0.0023497 0.0013699 0.0050988 0.0031584 0.0041716 0.0051132 0.0006717 0.0034024 0.0023559 0.0038552 0.0037947 0.0028769 0.0032099 0.0035412 0.0048957 0.0016981 0.0055491 0.0079747

Matrix 3 :
0.0000000 0.0000000 0.0000000 0.0000000 0.0000000 0.0000000 0.0000000 0.0000000 0.0000000 0.0000000 0.0000000 0.0000000 0.0000000 0.0000000 0.0000000 0.0000000 0.0000000 0.0000000 0.0000000 0.0000000 0.0000000
0.0000000 0.0001362 0.0002339 0.0002278 0.0000985 0.0003501 0.0001832 0.0002252 0.0003442 0.0000453 0.0003842 0.0002185 0.0002491 0.0003019 0.0002589 0.0002122 0.0002432 0.0003484 0.0001590 0.0002997 0.0003619
0.0000000 0.0002263 0.0007193 0.0006180 0.0002934 0.0010378 0.0007177 0.0008161 0.0010952 0.0001156 0.0009063 0.0007531 0.0008448 0.0009830 0.0006679 0.0005449 0.0009363 0.0011445 0.0004135 0.0007877 0.0008886
0.0000000 0.0002582 0.0007619 0.0009208 0.0003312 0.0012211 0.0006823 0.0009593 0.0013368 0.0001729 0.0012333 0.0007636 0.0010993 0.0012768 0.0009892 0.0009340 0.0011067 0.0014209 0.0005317 0.0011918 0.0011420
0.0000000 0.0001046 0.0002837 0.0002938 0.0003365 0.0007836 0.0004472 0.0005863 0.0008725 0.0000980 0.0006870 0.0004503 0.0006171 0.0006866 0.0004455 0.0004994 0.0007052 0.0009638 0.0002820 0.0007498 0.0009176
0.0000000 0.0003131 0.0009253 0.0009174 0.0007392 0.0029783 0.0015523 0.0017670 0.0023755 0.0002818 0.0017503 0.0013775 0.0018047 0.0020247 0.0014851 0.0015930 0.0019114 0.0028664 0.0006982 0.0022308 0.0023861
0.0000000 0.0001924 0.0006428 0.0004739 0.0004201 0.0014120 0.0011312 0.0011967 0.0013736 0.0001048 0.0009258 0.0007653 0.0011017 0.0010462 0.0006765 0.0008026 0.0010323 0.0013785 0.0003992 0.0011195 0.0012061
0.0000000 0.0002472 0.0007221 0.0007459 0.0005861 0.0018816 0.0012568 0.0018513 0.0021402 0.0002002 0.0016340 0.0013569 0.0017576 0.0016042 0.0011816 0.0013100 0.0016596 0.0024236 0.0006387 0.0016755 0.0019801
0.0000000 0.0005072 0.0013416 0.0015310 0.0010783 0.0033182 0.0017731 0.0026170 0.0067104 0.0004382 0.0044806 0.0033318 0.0034445 0.0045891 0.0034218 0.0037675 0.0050156 0.0076467 0.0013481 0.0044804 0.0057049
0.0000000 0.0000208 0.0000734 0.0000974 0.0000862 0.0002119 0.0001095 0.0001449 0.0002700 0.0002966 0.0002332 0.0001696 0.0001828 0.0002999 0.0001291 0.0001491 0.0002280 0.0002703 0.0000997 0.0001855 0.0002062
0.0000000 0.0007817 0.0019792 0.0021990 0.0011879 0.0039548 0.0021267 0.0033016 0.0061898 0.0007272 0.0262665 0.0043584 0.0044421 0.0057978 0.0059102 0.0037325 0.0068278 0.0065697 0.0022630 0.0047926 0.0062074
0.0000000 0.0004320 0.0010186 0.0010451 0.0005818 0.0021937 0.0012972 0.0017732 0.0031669 0.0002827 0.0033187 0.0061051 0.0025562 0.0030813 0.0023741 0.0018116 0.0036858 0.0040003 0.0010242 0.0024392 0.0033217
0.0000000 0.0004621 0.0012339 0.0012845 0.0008159 0.0027500 0.0017168 0.0025501 0.0039138 0.0003512 0.0036928 0.0028583 0.0052294 0.0048156 0.0031463 0.0027334 0.0042947 0.0053225 0.0012749 0.0034266 0.0044072
0.0000000 0.0005483 0.0014157 0.0016976 0.0009060 0.0031180 0.0017237 0.0025925 0.0051089 0.0005516 0.0047982 0.0035808 0.0049051 0.0065615 0.0040278 0.0033181 0.0056851 0.0066646 0.0015165 0.0041827 0.0056010
0.0000000 0.0005179 0.0013187 0.0015524 0.0007952 0.0028374 0.0016052 0.0022398 0.0044935 0.0004342 0.0062608 0.0031859 0.0038961 0.0047721 0.0052745 0.0034256 0.0060352 0.0060467 0.0016155 0.0039205 0.0052632
0.0000000 0.0004341 0.0010641 0.0012312 0.0008547 0.0028322 0.0015659 0.0022039 0.0045637 0.0003759 0.0036928 0.0024069 0.0031306 0.0037153 0.0030719 0.0037122 0.0045810 0.0067574 0.0012964 0.0040657 0.0053055
0.0000000 0.0007028 0.0017457 0.0019588 0.0012536 0.0040607 0.0021494 0.0030695 0.0063999 0.0005461 0.0073732 0.0048694 0.0051525 0.0067300 0.0058064 0.0045754 0.0110712 0.0106635 0.0022050 0.0054800 0.0073568
0.0000000 0.0009242 0.0021615 0.0024712 0.0016459 0.0056286 0.0028880 0.0043384 0.0093542 0.0006412 0.0069585 0.0054365 0.0064511 0.0076847 0.0060796 0.0067838 0.0106425 0.0167206 0.0026699 0.0081770 0.0107356
0.0000000 0.0002517 0.0005448 0.0006390 0.0003530 0.0011512 0.0006509 0.0010092 0.0015525 0.0001760 0.0017654 0.0010795 0.0012959 0.0015771 0.0013577 0.0011762 0.0018003 0.0022019 0.0011443 0.0014895 0.0019351
0.0000000 0.0006461 0.0015100 0.0017814 0.0012032 0.0040245 0.0021354 0.0030639 0.0052199 0.0004925 0.0045564 0.0028937 0.0040204 0.0046293 0.0034873 0.0039709 0.0049539 0.0074071 0.0017214 0.0064970 0.0070046
0.0000000 0.0008979 0.0021089 0.0023921 0.0016486 0.0053948 0.0028538 0.0043167 0.0082078 0.0006659 0.0069045 0.0050161 0.0058930 0.0070102 0.0056700 0.0059275 0.0079369 0.0116489 0.0025411 0.0081473 0.0118457

Matrix 4 :
0.0000000 0.0000000 0.0000000 0.0000000 0.0000000 0.0000000 0.0000000 0.0000000 0.0000000 0.0000000 0.0000000 0.0000000 0.0000000 0.0000000 0.0000000 0.0000000 0.0000000 0.0000000 0.0000000 0.0000000 0.0000000
0.0000000 0.0002493 0.0005117 0.0005279 0.0002613 0.0009602 0.0005521 0.0007272 0.0010473 0.0001393 0.0012478 0.0008077 0.0007307 0.0008542 0.0006406 0.0005121 0.0008779 0.0009604 0.0003611 0.0006458 0.0008323
0.0000000 0.0005117 0.0015148 0.0012763 0.0007543 0.0029738 0.0016334 0.0021904 0.0028215 0.0004659 0.0030762 0.0022718 0.0020861 0.0024447 0.0019248 0.0014463 0.0024049 0.0027159 0.0007963 0.0019026 0.0021429
0.0000000 0.0005279 0.0012763 0.0011001 0.0006351 0.0026027 0.0014567 0.0017998 0.0025760 0.0003743 0.0028761 0.0020859 0.0017694 0.0022176 0.0016155 0.0012598 0.0021103 0.0024349 0.0008470 0.0016214 0.0021244
0.0000000 0.0002613 0.0007543 0.0006351 0.0004483 0.0016415 0.0009058 0.0011937 0.0016430 0.0002239 0.0016595 0.0012823 0.0011498 0.0012548 0.0008236 0.0008690 0.0013226 0.0013860 0.0004785 0.0010245 0.0012638
0.0000000 0.0009602 0.0029738 0.0026027 0.0016415 0.0070590 0.0035477 0.0045016 0.0061639 0.0007851 0.0060762 0.0050825 0.0040359 0.0048958 0.0035885 0.0030715 0.0050426 0.0058808 0.0017684 0.0041596 0.0048896
0.0000000 0.0005521 0.0016334 0.0014567 0.0009058 0.0035477 0.0022530 0.0027275 0.0033327 0.0004616 0.0037314 0.0028943 0.0023646 0.0031249 0.0021109 0.0018131 0.0027352 0.0032906 0.0010861 0.0022818 0.0028531
0.0000000 0.0007272 0.0021904 0.0017998 0.0011937 0.0045016 0.0027275 0.0035412 0.0041601 0.0005426 0.0045528 0.0035783 0.0031102 0.0036832 0.0025739 0.0020903 0.0039206 0.0041883 0.0013126 0.0028413 0.0035695
0.0000000 0.0010473 0.0028215 0.0025760 0.0016430 0.0061639 0.0033327 0.0041601 0.0061490 0.0007663 0.0064362 0.0049255 0.0042330 0.0052518 0.0037022 0.0030881 0.0050029 0.0054898 0.0017603 0.0040135 0.0046275
0.0000000 0.0001393 0.0004659 0.0003743 0.0002239 0.0007851 0.0004616 0.0005426 0.0007663 0.0004328 0.0009486 0.0006268 0.0005712 0.0007095 0.0005063 0.0005044 0.0007241 0.0008164 0.0002535 0.0006003 0.0006101
0.0000000 0.0012478 0.0030762 0.0028761 0.0016595 0.0060762 0.0037314 0.0045528 0.0064362 0.0009486 0.0090075 0.0055222 0.0046817 0.0058080 0.0041178 0.0030783 0.0054981 0.0058145 0.0020563 0.0038548 0.0048917
0.0000000 0.0008077 0.0022718 0.0020859 0.0012823 0.0050825 0.0028943 0.0035783 0.0049255 0.0006268 0.0055222 0.0042964 0.0031725 0.0041426 0.0029805 0.0023227 0.0040737 0.0042744 0.0015140 0.0031083 0.0038475
0.0000000 0.0007307 0.0020861 0.0017694 0.0011498 0.0040359 0.0023646 0.0031102 0.0042330 0.0005712 0.0046817 0.0031725 0.0032644 0.0038346 0.0027735 0.0022036 0.0035479 0.0037851 0.0012735 0.0026201 0.0031313
0.0000000 0.0008542 0.0024447 0.0022176 0.0012548 0.0048958 0.0031249 0.0036832 0.0052518 0.0007095 0.0058080 0.0041426 0.0038346 0.0047208 0.0032487 0.0025162 0.0043232 0.0044097 0.0014189 0.0032082 0.0039503
0.0000000 0.0006406 0.0019248 0.0016155 0.0008236 0.0035885 0.0021109 0.0025739 0.0037022 0.0005063 0.0041178 0.0029805 0.0027735 0.0032487 0.0026135 0.0017580 0.0031868 0.0032270 0.0010626 0.0023037 0.0028233
0.0000000 0.0005121 0.0014463 0.0012598 0.0008690 0.0030715 0.0018131 0.0020903 0.0030881 0.0005044 0.0030783 0.0023227 0.0022036 0.0025162 0.0017580 0.0015448 0.0024882 0.0026450 0.0009079 0.0020408 0.0022813
0.0000000 0.0008779 0.0024049 0.0021103 0.0013226 0.0050426 0.0027352 0.0039206 0.0050029 0.0007241 0.0054981 0.0040737 0.0035479 0.0043232 0.0031868 0.0024882 0.0046256 0.0047373 0.0014801 0.0034440 0.0039931
0.0000000 0.0009604 0.0027159 0.0024349 0.0013860 0.0058808 0.0032906 0.0041883 0.0054898 0.0008164 0.0058145 0.0042744 0.0037851 0.0044097 0.0032270 0.0026450 0.0047373 0.0056251 0.0015997 0.0037672 0.0045833
0.0000000 0.0003611 0.0007963 0.0008470 0.0004785 0.0017684 0.0010861 0.0013126 0.0017603 0.0002535 0.0020563 0.0015140 0.0012735 0.0014189 0.0010626 0.0009079 0.0014801 0.0015997 0.0006947 0.0013723 0.0014076
0.0000000 0.0006458 0.0019026 0.0016214 0.0010245 0.0041596 0.0022818 0.0028413 0.0040135 0.0006003 0.0038548 0.0031083 0.0026201 0.0032082 0.0023037 0.0020408 0.0034440 0.0037672 0.0013723 0.0027322 0.0032686
0.0000000 0.0008323 0.0021429 0.0021244 0.0012638 0.0048896 0.0028531 0.0035695 0.0046275 0.0006101 0.0048917 0.0038475 0.0031313 0.0039503 0.0028233 0.0022813 0.0039931 0.0045833 0.0014076 0.0032686 0.0040740


