ss 1
solv 1
unaligned 0

Transition matrix:
0.0000000 0.0896047 0.4551265 0.4551265 0.0001422
0.0000000 0.9471557 0.0262708 0.0262708 0.0003028
0.0000000 0.1159348 0.8769033 0.0000045 0.0071575
0.0000000 0.1159298 0.0000045 0.8768658 0.0071999
0.0000000 0.2500000 0.2500000 0.2500000 0.2500000

Emission vector for indel state 1:
0.0000000
0.0124340
0.0344006
0.0321780
0.0199830
0.0781430
0.0428018
0.0542753
0.0777675
0.0098938
0.0819566
0.0602398
0.0527107
0.0648194
0.0473629
0.0393274
0.0673331
0.0816529
0.0219144
0.0539594
0.0668464

Emission vector for indel state 2:
0.0000000
0.0124340
0.0344006
0.0321780
0.0199830
0.0781430
0.0428018
0.0542753
0.0777675
0.0098938
0.0819566
0.0602398
0.0527107
0.0648194
0.0473629
0.0393274
0.0673331
0.0816529
0.0219144
0.0539594
0.0668464

Background frequencies:
0.0000000
0.0130943
0.0392555
0.0337982
0.0217588
0.0929387
0.0580356
0.0742498
0.0832357
0.0128140
0.0748388
0.0458486
0.0538641
0.0587412
0.0412874
0.0362436
0.0583080
0.0686212
0.0229008
0.0512614
0.0589045

Emission matrices:
Matrix 1 :
0.0000000 0.0000000 0.0000000 0.0000000 0.0000000 0.0000000 0.0000000 0.0000000 0.0000000 0.0000000 0.0000000 0.0000000 0.0000000 0.0000000 0.0000000 0.0000000 0.0000000 0.0000000 0.0000000 0.0000000 0.0000000
0.0000000 0.0020594 0.0010675 0.0009358 0.0003203 0.0012863 0.0007274 0.0008528 0.0008351 0.0001372 0.0005255 0.0003971 0.0005822 0.0005270 0.0003846 0.0003231 0.0004411 0.0005966 0.0002896 0.0004947 0.0004762
0.0000000 0.0010675 0.0058338 0.0026889 0.0011692 0.0056330 0.0032502 0.0037886 0.0027929 0.0005336 0.0016484 0.0010897 0.0016356 0.0014879 0.0009430 0.0009343 0.0011118 0.0014113 0.0008233 0.0012608 0.0012625
0.0000000 0.0009358 0.0026889 0.0047851 0.0008268 0.0033523 0.0019268 0.0024687 0.0022936 0.0004038 0.0015692 0.0010286 0.0015239 0.0015541 0.0011078 0.0009967 0.0012235 0.0015082 0.0010584 0.0014838 0.0014379
0.0000000 0.0003203 0.0011692 0.0008268 0.0013806 0.0034314 0.0019254 0.0020491 0.0018761 0.0003007 0.0009401 0.0006580 0.0011166 0.0009700 0.0006090 0.0006338 0.0007310 0.0009493 0.0004284 0.0008944 0.0009647
0.0000000 0.0012863 0.0056330 0.0033523 0.0034314 0.0229935 0.0101689 0.0104391 0.0070434 0.0011941 0.0032263 0.0025093 0.0037402 0.0032218 0.0020939 0.0022726 0.0023542 0.0034306 0.0014340 0.0031549 0.0033140
0.0000000 0.0007274 0.0032502 0.0019268 0.0019254 0.0101689 0.0106153 0.0094846 0.0042903 0.0007771 0.0018840 0.0015364 0.0025851 0.0019522 0.0011337 0.0012584 0.0013486 0.0019315 0.0009099 0.0018807 0.0019181
0.0000000 0.0008528 0.0037886 0.0024687 0.0020491 0.0104391 0.0094846 0.0154024 0.0067896 0.0011973 0.0028749 0.0022327 0.0039704 0.0028425 0.0017096 0.0016720 0.0019281 0.0027552 0.0012044 0.0024845 0.0026461
0.0000000 0.0008351 0.0027929 0.0022936 0.0018761 0.0070434 0.0042903 0.0067896 0.0155541 0.0013369 0.0060280 0.0031879 0.0043739 0.0050528 0.0025920 0.0027193 0.0035089 0.0048812 0.0015488 0.0036018 0.0041619
0.0000000 0.0001372 0.0005336 0.0004038 0.0003007 0.0011941 0.0007771 0.0011973 0.0013369 0.0026478 0.0007295 0.0003553 0.0006564 0.0007201 0.0003653 0.0002937 0.0004032 0.0004301 0.0002215 0.0003960 0.0003948
0.0000000 0.0005255 0.0016484 0.0015692 0.0009401 0.0032263 0.0018840 0.0028749 0.0060280 0.0007295 0.0235280 0.0028118 0.0030468 0.0044142 0.0032980 0.0020241 0.0037034 0.0036134 0.0013430 0.0027764 0.0032215
0.0000000 0.0003971 0.0010897 0.0010286 0.0006580 0.0025093 0.0015364 0.0022327 0.0031879 0.0003553 0.0028118 0.0088805 0.0021636 0.0025938 0.0016609 0.0013567 0.0023792 0.0027249 0.0008024 0.0018719 0.0023293
0.0000000 0.0005822 0.0016356 0.0015239 0.0011166 0.0037402 0.0025851 0.0039704 0.0043739 0.0006564 0.0030468 0.0021636 0.0071157 0.0043876 0.0023113 0.0019624 0.0029446 0.0032614 0.0011044 0.0026111 0.0030324
0.0000000 0.0005270 0.0014879 0.0015541 0.0009700 0.0032218 0.0019522 0.0028425 0.0050528 0.0007201 0.0044142 0.0025938 0.0043876 0.0074334 0.0030000 0.0021529 0.0036926 0.0039125 0.0012656 0.0028626 0.0033087
0.0000000 0.0003846 0.0009430 0.0011078 0.0006090 0.0020939 0.0011337 0.0017096 0.0025920 0.0003653 0.0032980 0.0016609 0.0023113 0.0030000 0.0049167 0.0016862 0.0033865 0.0028320 0.0011298 0.0021540 0.0025921
0.0000000 0.0003231 0.0009343 0.0009967 0.0006338 0.0022726 0.0012584 0.0016720 0.0027193 0.0002937 0.0020241 0.0013567 0.0019624 0.0021529 0.0016862 0.0030369 0.0023059 0.0035495 0.0009708 0.0024301 0.0029668
0.0000000 0.0004411 0.0011118 0.0012235 0.0007310 0.0023542 0.0013486 0.0019281 0.0035089 0.0004032 0.0037034 0.0023792 0.0029446 0.0036926 0.0033865 0.0023059 0.0118613 0.0055345 0.0012191 0.0027108 0.0034591
0.0000000 0.0005966 0.0014113 0.0015082 0.0009493 0.0034306 0.0019315 0.0027552 0.0048812 0.0004301 0.0036134 0.0027249 0.0032614 0.0039125 0.0028320 0.0035495 0.0055345 0.0114908 0.0015320 0.0040222 0.0052762
0.0000000 0.0002896 0.0008233 0.0010584 0.0004284 0.0014340 0.0009099 0.0012044 0.0015488 0.0002215 0.0013430 0.0008024 0.0011044 0.0012656 0.0011298 0.0009708 0.0012191 0.0015320 0.0032655 0.0013287 0.0012570
0.0000000 0.0004947 0.0012608 0.0014838 0.0008944 0.0031549 0.0018807 0.0024845 0.0036018 0.0003960 0.0027764 0.0018719 0.0026111 0.0028626 0.0021540 0.0024301 0.0027108 0.0040222 0.0013287 0.0075587 0.0046677
0.0000000 0.0004762 0.0012625 0.0014379 0.0009647 0.0033140 0.0019181 0.0026461 0.0041619 0.0003948 0.0032215 0.0023293 0.0030324 0.0033087 0.0025921 0.0029668 0.0034591 0.0052762 0.0012570 0.0046677 0.0084035


