ss 3
solv 1
unaligned 1

Transition matrix:
0.0000000 0.0001190 0.0001190 0.0485689 0.0229423 0.4640660 0.4640660 0.0001190
0.0000000 0.8896447 0.0008603 0.0677661 0.0164902 0.0176777 0.0075579 0.0000031
0.0000000 0.0054292 0.7888746 0.1683170 0.0140948 0.0141688 0.0091122 0.0000035
0.0000000 0.0660580 0.1468575 0.6493765 0.0439396 0.0395934 0.0536634 0.0005115
0.0000000 0.0327482 0.0257236 0.0966524 0.7310566 0.0566744 0.0566744 0.0004703
0.0000000 0.0102894 0.0102714 0.0363967 0.0398250 0.8976304 0.0000028 0.0055844
0.0000000 0.0058506 0.0059583 0.0451487 0.0398251 0.0000028 0.8976338 0.0055806
0.0000000 0.1428571 0.1428571 0.1428571 0.1428571 0.1428571 0.1428571 0.1428571

Emission vector for indel state 1:
0.0000000
0.0137909
0.0364374
0.0335474
0.0199957
0.0802897
0.0448124
0.0549358
0.0759724
0.0105529
0.0787555
0.0588679
0.0537170
0.0645809
0.0477670
0.0396052
0.0665292
0.0781789
0.0221116
0.0534695
0.0660826

Emission vector for indel state 2:
0.0000000
0.0137909
0.0364374
0.0335474
0.0199957
0.0802897
0.0448124
0.0549358
0.0759724
0.0105529
0.0787555
0.0588679
0.0537170
0.0645809
0.0477670
0.0396052
0.0665292
0.0781789
0.0221116
0.0534695
0.0660826

Background frequencies:
0.0000000
0.0137230
0.0405517
0.0346135
0.0216865
0.0923840
0.0577330
0.0730541
0.0820454
0.0127908
0.0737583
0.0460152
0.0544736
0.0597037
0.0424369
0.0368970
0.0583180
0.0675464
0.0231494
0.0506955
0.0584242

Emission matrices:
Matrix 1 :
0.0000000 0.0000000 0.0000000 0.0000000 0.0000000 0.0000000 0.0000000 0.0000000 0.0000000 0.0000000 0.0000000 0.0000000 0.0000000 0.0000000 0.0000000 0.0000000 0.0000000 0.0000000 0.0000000 0.0000000 0.0000000
0.0000000 0.0010409 0.0009993 0.0009286 0.0003698 0.0019395 0.0008811 0.0009062 0.0013047 0.0001608 0.0004884 0.0003315 0.0005387 0.0005900 0.0003495 0.0004625 0.0004563 0.0007503 0.0003709 0.0007536 0.0006057
0.0000000 0.0009853 0.0042162 0.0022692 0.0014829 0.0072930 0.0033389 0.0032920 0.0040702 0.0005023 0.0011992 0.0006804 0.0015720 0.0013490 0.0008121 0.0011398 0.0011042 0.0017249 0.0007634 0.0014821 0.0013823
0.0000000 0.0009307 0.0022736 0.0024517 0.0010175 0.0043965 0.0020566 0.0022146 0.0034083 0.0003426 0.0012456 0.0005991 0.0013127 0.0013761 0.0010436 0.0012030 0.0012034 0.0019339 0.0009179 0.0016802 0.0016191
0.0000000 0.0003688 0.0014980 0.0010397 0.0012471 0.0048813 0.0023550 0.0024070 0.0031632 0.0003648 0.0008873 0.0004180 0.0011131 0.0011128 0.0006508 0.0009338 0.0008763 0.0013616 0.0004320 0.0012714 0.0013371
0.0000000 0.0019490 0.0074864 0.0044704 0.0048856 0.0286701 0.0120321 0.0111770 0.0131102 0.0016956 0.0033837 0.0019381 0.0046026 0.0041191 0.0025101 0.0035218 0.0030582 0.0052967 0.0019481 0.0049307 0.0048763
0.0000000 0.0009177 0.0035300 0.0021699 0.0023404 0.0121812 0.0076172 0.0065245 0.0068245 0.0008344 0.0018415 0.0009610 0.0025260 0.0020552 0.0012606 0.0016100 0.0015540 0.0024438 0.0009113 0.0024017 0.0023735
0.0000000 0.0008899 0.0034454 0.0023323 0.0024294 0.0113733 0.0065292 0.0071259 0.0087021 0.0009510 0.0022328 0.0012983 0.0028683 0.0027113 0.0014382 0.0020146 0.0019547 0.0033018 0.0010277 0.0027561 0.0028178
0.0000000 0.0013409 0.0042164 0.0035511 0.0032363 0.0134821 0.0068231 0.0087296 0.0219918 0.0017342 0.0060114 0.0024783 0.0054061 0.0063008 0.0035842 0.0048054 0.0048988 0.0084436 0.0020592 0.0059222 0.0066569
0.0000000 0.0001470 0.0005125 0.0003356 0.0003462 0.0016520 0.0007882 0.0008656 0.0016543 0.0012955 0.0004739 0.0001455 0.0004279 0.0005640 0.0002630 0.0003419 0.0002678 0.0004622 0.0002020 0.0003856 0.0003837
0.0000000 0.0003448 0.0009107 0.0009514 0.0007175 0.0024409 0.0014308 0.0017048 0.0049452 0.0003866 0.0054090 0.0009143 0.0015314 0.0021028 0.0011826 0.0013289 0.0015788 0.0023739 0.0006438 0.0015716 0.0016145
0.0000000 0.0002600 0.0005389 0.0004478 0.0003112 0.0013967 0.0007309 0.0010250 0.0019750 0.0001088 0.0009559 0.0022275 0.0009006 0.0010580 0.0006587 0.0007573 0.0011544 0.0016699 0.0003866 0.0009883 0.0011137
0.0000000 0.0005147 0.0015127 0.0012579 0.0010534 0.0042585 0.0023539 0.0026500 0.0049795 0.0004238 0.0017934 0.0010171 0.0031704 0.0027128 0.0017471 0.0018469 0.0020710 0.0034625 0.0008893 0.0023556 0.0025374
0.0000000 0.0004931 0.0012135 0.0013117 0.0009647 0.0036082 0.0018044 0.0024122 0.0056264 0.0005473 0.0023140 0.0011349 0.0026471 0.0035669 0.0018321 0.0022719 0.0025618 0.0039813 0.0010156 0.0026241 0.0030790
0.0000000 0.0002979 0.0006810 0.0008652 0.0005456 0.0020039 0.0010318 0.0011802 0.0030593 0.0002197 0.0013038 0.0007338 0.0016053 0.0018039 0.0021568 0.0019177 0.0020076 0.0031745 0.0007812 0.0021342 0.0025809
0.0000000 0.0004465 0.0012071 0.0012304 0.0009101 0.0034208 0.0015275 0.0019261 0.0047053 0.0003637 0.0018230 0.0009951 0.0019723 0.0025334 0.0021485 0.0033726 0.0031111 0.0053858 0.0010565 0.0034769 0.0040409
0.0000000 0.0004042 0.0009357 0.0010409 0.0007919 0.0026056 0.0013125 0.0016347 0.0042210 0.0002603 0.0018167 0.0013570 0.0020248 0.0026058 0.0021055 0.0029109 0.0057298 0.0064678 0.0010844 0.0030546 0.0039705
0.0000000 0.0007470 0.0018008 0.0019651 0.0014133 0.0054247 0.0024022 0.0033657 0.0084356 0.0005089 0.0032722 0.0022043 0.0037524 0.0045823 0.0037561 0.0055534 0.0070835 0.0143673 0.0017740 0.0062814 0.0075333
0.0000000 0.0003230 0.0007418 0.0008566 0.0003930 0.0017021 0.0008257 0.0009842 0.0017743 0.0002193 0.0007786 0.0004802 0.0008944 0.0010154 0.0007645 0.0009957 0.0010585 0.0017083 0.0016424 0.0013666 0.0013645
0.0000000 0.0007333 0.0014890 0.0017062 0.0012598 0.0049884 0.0024060 0.0027408 0.0058583 0.0004198 0.0022331 0.0013469 0.0025448 0.0030776 0.0023858 0.0034911 0.0033454 0.0062687 0.0014600 0.0066195 0.0057708
0.0000000 0.0006001 0.0013887 0.0016102 0.0012964 0.0047031 0.0022986 0.0027518 0.0065108 0.0004034 0.0023250 0.0015048 0.0026659 0.0035229 0.0029035 0.0040364 0.0043196 0.0073033 0.0014769 0.0057010 0.0082192

Matrix 2 :
0.0000000 0.0000000 0.0000000 0.0000000 0.0000000 0.0000000 0.0000000 0.0000000 0.0000000 0.0000000 0.0000000 0.0000000 0.0000000 0.0000000 0.0000000 0.0000000 0.0000000 0.0000000 0.0000000 0.0000000 0.0000000
0.0000000 0.0023213 0.0013074 0.0012304 0.0003372 0.0017044 0.0013939 0.0017720 0.0009434 0.0001968 0.0007237 0.0003968 0.0008271 0.0006757 0.0003695 0.0004058 0.0003844 0.0005315 0.0003891 0.0007028 0.0005643
0.0000000 0.0013216 0.0068043 0.0039548 0.0014928 0.0077394 0.0069031 0.0083752 0.0036916 0.0009423 0.0022757 0.0011824 0.0026301 0.0020679 0.0010569 0.0010628 0.0011046 0.0014865 0.0011433 0.0015774 0.0014709
0.0000000 0.0012470 0.0039973 0.0053428 0.0010222 0.0044188 0.0040504 0.0054059 0.0027292 0.0006899 0.0020432 0.0010221 0.0026325 0.0022179 0.0011504 0.0012337 0.0012008 0.0017052 0.0012904 0.0019222 0.0018784
0.0000000 0.0003327 0.0014706 0.0009814 0.0009262 0.0031465 0.0025478 0.0034264 0.0015174 0.0004150 0.0009784 0.0005449 0.0012142 0.0010340 0.0004909 0.0005258 0.0005014 0.0006841 0.0004550 0.0006693 0.0006699
0.0000000 0.0017060 0.0076108 0.0043664 0.0032359 0.0205841 0.0150968 0.0188729 0.0065507 0.0016751 0.0035515 0.0024137 0.0048703 0.0034792 0.0019168 0.0019721 0.0018822 0.0027364 0.0017623 0.0027313 0.0025682
0.0000000 0.0014385 0.0070191 0.0041196 0.0026817 0.0155217 0.0180276 0.0205038 0.0062053 0.0015315 0.0030148 0.0019048 0.0046370 0.0031304 0.0016800 0.0016670 0.0016131 0.0024362 0.0014168 0.0023832 0.0023180
0.0000000 0.0019089 0.0085918 0.0054960 0.0036560 0.0194772 0.0204445 0.0304981 0.0098460 0.0026116 0.0050426 0.0029831 0.0074549 0.0049820 0.0026016 0.0025896 0.0025379 0.0035911 0.0022592 0.0036573 0.0037777
0.0000000 0.0009074 0.0035061 0.0025452 0.0014789 0.0061963 0.0057067 0.0090780 0.0075558 0.0013803 0.0047808 0.0018112 0.0039046 0.0035383 0.0015986 0.0013779 0.0016369 0.0021750 0.0011742 0.0020181 0.0019797
0.0000000 0.0001957 0.0009486 0.0006759 0.0004235 0.0016515 0.0015168 0.0024711 0.0014394 0.0023787 0.0010260 0.0003967 0.0010234 0.0008871 0.0003883 0.0003825 0.0004343 0.0003932 0.0003371 0.0004878 0.0005098
0.0000000 0.0005302 0.0018336 0.0015307 0.0008036 0.0028850 0.0023415 0.0038726 0.0044557 0.0008547 0.0114472 0.0011093 0.0025762 0.0029955 0.0013321 0.0010960 0.0015762 0.0017713 0.0009031 0.0016130 0.0014688
0.0000000 0.0001965 0.0006414 0.0005293 0.0002737 0.0014232 0.0010075 0.0016170 0.0012583 0.0002392 0.0008109 0.0025042 0.0011130 0.0010112 0.0006611 0.0004713 0.0007992 0.0009514 0.0002857 0.0007266 0.0008437
0.0000000 0.0007791 0.0024904 0.0024833 0.0011716 0.0046619 0.0042993 0.0068881 0.0040419 0.0009689 0.0032306 0.0018216 0.0075269 0.0048482 0.0024159 0.0022390 0.0024867 0.0037250 0.0015853 0.0033019 0.0034232
0.0000000 0.0006476 0.0018045 0.0020020 0.0009940 0.0030485 0.0025834 0.0043070 0.0035166 0.0008371 0.0034380 0.0015924 0.0046410 0.0050753 0.0020061 0.0017633 0.0025041 0.0028729 0.0013533 0.0024379 0.0025998
0.0000000 0.0002901 0.0008467 0.0009553 0.0004154 0.0014459 0.0012235 0.0019108 0.0014186 0.0002980 0.0014911 0.0008882 0.0020500 0.0018877 0.0025189 0.0009730 0.0017406 0.0015578 0.0007809 0.0012768 0.0014099
0.0000000 0.0003697 0.0010043 0.0011380 0.0005017 0.0018076 0.0015551 0.0024171 0.0014243 0.0003607 0.0013926 0.0008217 0.0021575 0.0017617 0.0011390 0.0016209 0.0012197 0.0021151 0.0008470 0.0018425 0.0018672
0.0000000 0.0003532 0.0007772 0.0009337 0.0003834 0.0013686 0.0010741 0.0016831 0.0014321 0.0003398 0.0016167 0.0010754 0.0021505 0.0021677 0.0017473 0.0010325 0.0058229 0.0025081 0.0009020 0.0014971 0.0015003
0.0000000 0.0005361 0.0013293 0.0015618 0.0006481 0.0024863 0.0022110 0.0032169 0.0022591 0.0003805 0.0020639 0.0014710 0.0036259 0.0029217 0.0017855 0.0020341 0.0028686 0.0054324 0.0012339 0.0029361 0.0031772
0.0000000 0.0003794 0.0011085 0.0012606 0.0004420 0.0016505 0.0012821 0.0020142 0.0012093 0.0002999 0.0011181 0.0006284 0.0015864 0.0014245 0.0008652 0.0008356 0.0010398 0.0012882 0.0024306 0.0012265 0.0011649
0.0000000 0.0007009 0.0015323 0.0017847 0.0006954 0.0026200 0.0022118 0.0034128 0.0021502 0.0004739 0.0020828 0.0013748 0.0033054 0.0026039 0.0016265 0.0019221 0.0018878 0.0030582 0.0012153 0.0052327 0.0035702
0.0000000 0.0005246 0.0013467 0.0017197 0.0006811 0.0023231 0.0020186 0.0033535 0.0021045 0.0004622 0.0019716 0.0015400 0.0034299 0.0027831 0.0017044 0.0019793 0.0019896 0.0032013 0.0011251 0.0036017 0.0050107

Matrix 3 :
0.0000000 0.0000000 0.0000000 0.0000000 0.0000000 0.0000000 0.0000000 0.0000000 0.0000000 0.0000000 0.0000000 0.0000000 0.0000000 0.0000000 0.0000000 0.0000000 0.0000000 0.0000000 0.0000000 0.0000000 0.0000000
0.0000000 0.0008085 0.0006951 0.0005987 0.0002191 0.0009466 0.0005624 0.0006236 0.0007264 0.0001260 0.0007652 0.0005056 0.0005360 0.0005360 0.0004849 0.0002886 0.0005028 0.0004852 0.0002900 0.0004212 0.0004366
0.0000000 0.0006965 0.0029628 0.0017166 0.0008054 0.0036886 0.0021523 0.0023330 0.0022873 0.0004334 0.0021224 0.0014591 0.0015575 0.0015931 0.0011649 0.0008661 0.0013254 0.0012194 0.0008087 0.0012106 0.0011899
0.0000000 0.0005825 0.0016762 0.0021004 0.0005983 0.0023506 0.0012964 0.0016421 0.0018707 0.0003401 0.0020357 0.0013573 0.0013937 0.0016221 0.0013451 0.0008805 0.0014284 0.0013150 0.0009107 0.0012429 0.0012085
0.0000000 0.0002238 0.0008097 0.0006116 0.0008602 0.0021617 0.0011536 0.0014503 0.0013795 0.0002584 0.0012828 0.0008728 0.0009138 0.0009366 0.0006273 0.0005342 0.0008856 0.0008442 0.0004369 0.0007739 0.0008905
0.0000000 0.0009361 0.0036114 0.0023238 0.0020816 0.0114135 0.0053915 0.0057694 0.0047734 0.0009663 0.0037826 0.0029992 0.0030744 0.0030719 0.0020628 0.0017451 0.0025802 0.0028305 0.0012683 0.0026636 0.0027293
0.0000000 0.0004891 0.0018693 0.0011283 0.0010539 0.0048864 0.0035417 0.0037818 0.0025988 0.0005133 0.0019704 0.0018470 0.0018149 0.0016436 0.0010062 0.0008435 0.0012642 0.0012807 0.0007238 0.0013063 0.0013346
0.0000000 0.0005230 0.0020007 0.0014520 0.0012334 0.0050661 0.0038277 0.0052213 0.0038999 0.0007777 0.0028071 0.0024618 0.0027540 0.0025012 0.0015973 0.0011423 0.0018797 0.0019766 0.0009502 0.0017672 0.0019192
0.0000000 0.0007220 0.0023040 0.0018894 0.0013417 0.0047159 0.0030242 0.0045264 0.0079494 0.0011426 0.0063552 0.0042498 0.0038734 0.0048678 0.0030508 0.0021935 0.0038528 0.0037426 0.0015371 0.0028531 0.0037091
0.0000000 0.0001403 0.0004182 0.0003589 0.0002691 0.0010284 0.0005704 0.0009795 0.0011694 0.0021469 0.0009571 0.0004927 0.0006908 0.0009337 0.0004848 0.0003640 0.0005597 0.0004504 0.0002674 0.0004371 0.0004325
0.0000000 0.0010683 0.0027767 0.0027554 0.0015952 0.0052589 0.0029392 0.0043114 0.0076605 0.0011870 0.0372656 0.0055769 0.0053371 0.0074522 0.0068517 0.0036697 0.0073883 0.0059476 0.0026665 0.0051618 0.0060863
0.0000000 0.0007449 0.0020556 0.0019223 0.0012065 0.0043638 0.0028320 0.0038870 0.0052055 0.0006621 0.0057905 0.0115035 0.0041149 0.0046672 0.0034948 0.0023305 0.0047789 0.0043218 0.0016806 0.0034738 0.0045098
0.0000000 0.0006000 0.0017335 0.0015735 0.0010077 0.0035836 0.0022681 0.0034466 0.0041684 0.0007410 0.0045279 0.0034000 0.0059198 0.0052728 0.0031467 0.0020519 0.0042728 0.0033180 0.0013878 0.0027057 0.0032181
0.0000000 0.0006533 0.0019478 0.0018679 0.0011135 0.0039310 0.0023507 0.0033637 0.0055370 0.0009924 0.0068720 0.0040988 0.0055123 0.0083430 0.0043674 0.0025269 0.0057375 0.0046142 0.0017507 0.0034550 0.0042450
0.0000000 0.0006022 0.0014701 0.0016831 0.0007929 0.0029516 0.0016153 0.0024337 0.0037103 0.0006033 0.0065995 0.0032292 0.0035946 0.0044952 0.0063323 0.0023321 0.0056178 0.0038280 0.0016873 0.0030699 0.0036631
0.0000000 0.0003348 0.0008509 0.0009354 0.0005776 0.0019824 0.0010182 0.0013743 0.0022507 0.0003614 0.0029407 0.0018031 0.0020003 0.0022758 0.0019682 0.0019462 0.0026158 0.0024706 0.0008696 0.0018463 0.0024516
0.0000000 0.0005796 0.0017663 0.0018123 0.0010673 0.0034537 0.0019554 0.0029154 0.0046810 0.0006472 0.0071244 0.0043485 0.0046033 0.0059812 0.0055177 0.0029680 0.0149636 0.0062746 0.0018775 0.0035813 0.0046750
0.0000000 0.0004845 0.0012798 0.0014069 0.0008249 0.0029197 0.0015123 0.0022332 0.0036788 0.0004162 0.0048319 0.0033644 0.0031226 0.0039927 0.0030732 0.0023777 0.0053739 0.0063314 0.0014380 0.0030779 0.0040236
0.0000000 0.0003444 0.0008591 0.0009950 0.0004855 0.0016006 0.0009210 0.0012006 0.0017821 0.0002823 0.0023536 0.0012989 0.0013820 0.0016904 0.0016317 0.0009380 0.0017853 0.0014553 0.0034115 0.0013820 0.0014505
0.0000000 0.0004425 0.0012424 0.0013348 0.0007631 0.0027026 0.0014479 0.0019899 0.0028024 0.0004159 0.0041241 0.0025766 0.0025202 0.0028764 0.0025299 0.0017649 0.0029684 0.0029863 0.0013013 0.0044873 0.0034643
0.0000000 0.0004758 0.0012894 0.0013521 0.0009202 0.0031049 0.0016614 0.0023436 0.0037440 0.0004540 0.0049733 0.0035403 0.0030885 0.0036608 0.0031014 0.0023606 0.0039221 0.0042251 0.0013759 0.0035048 0.0060030

Matrix 4 :
0.0000000 0.0000000 0.0000000 0.0000000 0.0000000 0.0000000 0.0000000 0.0000000 0.0000000 0.0000000 0.0000000 0.0000000 0.0000000 0.0000000 0.0000000 0.0000000 0.0000000 0.0000000 0.0000000 0.0000000 0.0000000
0.0000000 0.0002493 0.0005117 0.0005279 0.0002613 0.0009602 0.0005521 0.0007272 0.0010473 0.0001393 0.0012478 0.0008077 0.0007307 0.0008542 0.0006406 0.0005121 0.0008779 0.0009604 0.0003611 0.0006458 0.0008323
0.0000000 0.0005117 0.0015148 0.0012763 0.0007543 0.0029738 0.0016334 0.0021904 0.0028215 0.0004659 0.0030762 0.0022718 0.0020861 0.0024447 0.0019248 0.0014463 0.0024049 0.0027159 0.0007963 0.0019026 0.0021429
0.0000000 0.0005279 0.0012763 0.0011001 0.0006351 0.0026027 0.0014567 0.0017998 0.0025760 0.0003743 0.0028761 0.0020859 0.0017694 0.0022176 0.0016155 0.0012598 0.0021103 0.0024349 0.0008470 0.0016214 0.0021244
0.0000000 0.0002613 0.0007543 0.0006351 0.0004483 0.0016415 0.0009058 0.0011937 0.0016430 0.0002239 0.0016595 0.0012823 0.0011498 0.0012548 0.0008236 0.0008690 0.0013226 0.0013860 0.0004785 0.0010245 0.0012638
0.0000000 0.0009602 0.0029738 0.0026027 0.0016415 0.0070590 0.0035477 0.0045016 0.0061639 0.0007851 0.0060762 0.0050825 0.0040359 0.0048958 0.0035885 0.0030715 0.0050426 0.0058808 0.0017684 0.0041596 0.0048896
0.0000000 0.0005521 0.0016334 0.0014567 0.0009058 0.0035477 0.0022530 0.0027275 0.0033327 0.0004616 0.0037314 0.0028943 0.0023646 0.0031249 0.0021109 0.0018131 0.0027352 0.0032906 0.0010861 0.0022818 0.0028531
0.0000000 0.0007272 0.0021904 0.0017998 0.0011937 0.0045016 0.0027275 0.0035412 0.0041601 0.0005426 0.0045528 0.0035783 0.0031102 0.0036832 0.0025739 0.0020903 0.0039206 0.0041883 0.0013126 0.0028413 0.0035695
0.0000000 0.0010473 0.0028215 0.0025760 0.0016430 0.0061639 0.0033327 0.0041601 0.0061490 0.0007663 0.0064362 0.0049255 0.0042330 0.0052518 0.0037022 0.0030881 0.0050029 0.0054898 0.0017603 0.0040135 0.0046275
0.0000000 0.0001393 0.0004659 0.0003743 0.0002239 0.0007851 0.0004616 0.0005426 0.0007663 0.0004328 0.0009486 0.0006268 0.0005712 0.0007095 0.0005063 0.0005044 0.0007241 0.0008164 0.0002535 0.0006003 0.0006101
0.0000000 0.0012478 0.0030762 0.0028761 0.0016595 0.0060762 0.0037314 0.0045528 0.0064362 0.0009486 0.0090075 0.0055222 0.0046817 0.0058080 0.0041178 0.0030783 0.0054981 0.0058145 0.0020563 0.0038548 0.0048917
0.0000000 0.0008077 0.0022718 0.0020859 0.0012823 0.0050825 0.0028943 0.0035783 0.0049255 0.0006268 0.0055222 0.0042964 0.0031725 0.0041426 0.0029805 0.0023227 0.0040737 0.0042744 0.0015140 0.0031083 0.0038475
0.0000000 0.0007307 0.0020861 0.0017694 0.0011498 0.0040359 0.0023646 0.0031102 0.0042330 0.0005712 0.0046817 0.0031725 0.0032644 0.0038346 0.0027735 0.0022036 0.0035479 0.0037851 0.0012735 0.0026201 0.0031313
0.0000000 0.0008542 0.0024447 0.0022176 0.0012548 0.0048958 0.0031249 0.0036832 0.0052518 0.0007095 0.0058080 0.0041426 0.0038346 0.0047208 0.0032487 0.0025162 0.0043232 0.0044097 0.0014189 0.0032082 0.0039503
0.0000000 0.0006406 0.0019248 0.0016155 0.0008236 0.0035885 0.0021109 0.0025739 0.0037022 0.0005063 0.0041178 0.0029805 0.0027735 0.0032487 0.0026135 0.0017580 0.0031868 0.0032270 0.0010626 0.0023037 0.0028233
0.0000000 0.0005121 0.0014463 0.0012598 0.0008690 0.0030715 0.0018131 0.0020903 0.0030881 0.0005044 0.0030783 0.0023227 0.0022036 0.0025162 0.0017580 0.0015448 0.0024882 0.0026450 0.0009079 0.0020408 0.0022813
0.0000000 0.0008779 0.0024049 0.0021103 0.0013226 0.0050426 0.0027352 0.0039206 0.0050029 0.0007241 0.0054981 0.0040737 0.0035479 0.0043232 0.0031868 0.0024882 0.0046256 0.0047373 0.0014801 0.0034440 0.0039931
0.0000000 0.0009604 0.0027159 0.0024349 0.0013860 0.0058808 0.0032906 0.0041883 0.0054898 0.0008164 0.0058145 0.0042744 0.0037851 0.0044097 0.0032270 0.0026450 0.0047373 0.0056251 0.0015997 0.0037672 0.0045833
0.0000000 0.0003611 0.0007963 0.0008470 0.0004785 0.0017684 0.0010861 0.0013126 0.0017603 0.0002535 0.0020563 0.0015140 0.0012735 0.0014189 0.0010626 0.0009079 0.0014801 0.0015997 0.0006947 0.0013723 0.0014076
0.0000000 0.0006458 0.0019026 0.0016214 0.0010245 0.0041596 0.0022818 0.0028413 0.0040135 0.0006003 0.0038548 0.0031083 0.0026201 0.0032082 0.0023037 0.0020408 0.0034440 0.0037672 0.0013723 0.0027322 0.0032686
0.0000000 0.0008323 0.0021429 0.0021244 0.0012638 0.0048896 0.0028531 0.0035695 0.0046275 0.0006101 0.0048917 0.0038475 0.0031313 0.0039503 0.0028233 0.0022813 0.0039931 0.0045833 0.0014076 0.0032686 0.0040740


