ss 1
solv 2
unaligned 1

Transition matrix:
0.0000000 0.0080541 0.0406396 0.0229450 0.4641212 0.4641212 0.0001190
0.0000000 0.5873183 0.3555837 0.0209261 0.0215001 0.0146135 0.0000584
0.0000000 0.4534127 0.4500549 0.0313247 0.0280725 0.0367951 0.0003402
0.0000000 0.0653912 0.0897286 0.7310604 0.0566747 0.0566747 0.0004703
0.0000000 0.0272357 0.0297191 0.0398251 0.8976330 0.0000028 0.0055844
0.0000000 0.0187138 0.0382411 0.0398252 0.0000028 0.8976363 0.0055807
0.0000000 0.1666667 0.1666667 0.1666667 0.1666667 0.1666667 0.1666667

Emission vector for indel state 1:
0.0000000
0.0137909
0.0364374
0.0335474
0.0199957
0.0802897
0.0448124
0.0549358
0.0759724
0.0105529
0.0787555
0.0588679
0.0537170
0.0645809
0.0477670
0.0396052
0.0665292
0.0781789
0.0221116
0.0534695
0.0660826

Emission vector for indel state 2:
0.0000000
0.0137909
0.0364374
0.0335474
0.0199957
0.0802897
0.0448124
0.0549358
0.0759724
0.0105529
0.0787555
0.0588679
0.0537170
0.0645809
0.0477670
0.0396052
0.0665292
0.0781789
0.0221116
0.0534695
0.0660826

Background frequencies:
0.0000000
0.0137230
0.0405517
0.0346135
0.0216865
0.0923840
0.0577330
0.0730541
0.0820454
0.0127908
0.0737583
0.0460152
0.0544736
0.0597037
0.0424369
0.0368970
0.0583180
0.0675464
0.0231494
0.0506955
0.0584242

Emission matrices:
Matrix 1 :
0.0000000 0.0000000 0.0000000 0.0000000 0.0000000 0.0000000 0.0000000 0.0000000 0.0000000 0.0000000 0.0000000 0.0000000 0.0000000 0.0000000 0.0000000 0.0000000 0.0000000 0.0000000 0.0000000 0.0000000 0.0000000
0.0000000 0.0021626 0.0014828 0.0013095 0.0004394 0.0022928 0.0013885 0.0015717 0.0013691 0.0002249 0.0007961 0.0005068 0.0008075 0.0007275 0.0004601 0.0004552 0.0005146 0.0006636 0.0004386 0.0007571 0.0005838
0.0000000 0.0014789 0.0072697 0.0038549 0.0018789 0.0097003 0.0062721 0.0070846 0.0048416 0.0009527 0.0024681 0.0013331 0.0024768 0.0020828 0.0011996 0.0012462 0.0013166 0.0015485 0.0011786 0.0017159 0.0015398
0.0000000 0.0012772 0.0036875 0.0045542 0.0011522 0.0050626 0.0033992 0.0041281 0.0032730 0.0006068 0.0019211 0.0010299 0.0020072 0.0018112 0.0012144 0.0010760 0.0013009 0.0015530 0.0012415 0.0016119 0.0015118
0.0000000 0.0004274 0.0018930 0.0012123 0.0014516 0.0050902 0.0030534 0.0035748 0.0027832 0.0005124 0.0012486 0.0007044 0.0012926 0.0011892 0.0006585 0.0006900 0.0007770 0.0008760 0.0005111 0.0009270 0.0009075
0.0000000 0.0022866 0.0097371 0.0053727 0.0051400 0.0322570 0.0170378 0.0183570 0.0120227 0.0022186 0.0047019 0.0030221 0.0054514 0.0044208 0.0024950 0.0027202 0.0027195 0.0038039 0.0021531 0.0039476 0.0036538
0.0000000 0.0014081 0.0063365 0.0036538 0.0030743 0.0170941 0.0152449 0.0158701 0.0077454 0.0015030 0.0031195 0.0019978 0.0039620 0.0029313 0.0015887 0.0016040 0.0016253 0.0021763 0.0013360 0.0023335 0.0023091
0.0000000 0.0016174 0.0071357 0.0044013 0.0036151 0.0184104 0.0158583 0.0217755 0.0110012 0.0022395 0.0044215 0.0027379 0.0056585 0.0042792 0.0021759 0.0021814 0.0022679 0.0029736 0.0017697 0.0030982 0.0030078
0.0000000 0.0013564 0.0047914 0.0034768 0.0027946 0.0118563 0.0076657 0.0108659 0.0175206 0.0021583 0.0070720 0.0028484 0.0052900 0.0055509 0.0025838 0.0024451 0.0028242 0.0035584 0.0017982 0.0033198 0.0034847
0.0000000 0.0002539 0.0010083 0.0006973 0.0005330 0.0022907 0.0015380 0.0023076 0.0022635 0.0030566 0.0012273 0.0004749 0.0010704 0.0011489 0.0005406 0.0005032 0.0005511 0.0005512 0.0003772 0.0005808 0.0005831
0.0000000 0.0006892 0.0019914 0.0017510 0.0011069 0.0038083 0.0025937 0.0037576 0.0063634 0.0009673 0.0165161 0.0020495 0.0029376 0.0039824 0.0022654 0.0014577 0.0023772 0.0022280 0.0011613 0.0021772 0.0018838
0.0000000 0.0003890 0.0010898 0.0008908 0.0005759 0.0025353 0.0016421 0.0023776 0.0025211 0.0003744 0.0019995 0.0049999 0.0016149 0.0017401 0.0010917 0.0007538 0.0013387 0.0012000 0.0006213 0.0012320 0.0013135
0.0000000 0.0006958 0.0022341 0.0018593 0.0011872 0.0048543 0.0035723 0.0050844 0.0047596 0.0009113 0.0028980 0.0015925 0.0051499 0.0037632 0.0018735 0.0014657 0.0019841 0.0020867 0.0011745 0.0020915 0.0018968
0.0000000 0.0006103 0.0018368 0.0016894 0.0010893 0.0038134 0.0025147 0.0038015 0.0051220 0.0009823 0.0040221 0.0016949 0.0038507 0.0052484 0.0021111 0.0015492 0.0024066 0.0022726 0.0012491 0.0020358 0.0020012
0.0000000 0.0003280 0.0008096 0.0009040 0.0004500 0.0017298 0.0011110 0.0015618 0.0018858 0.0003502 0.0017151 0.0008426 0.0015370 0.0016918 0.0029559 0.0009049 0.0016223 0.0012806 0.0007747 0.0011332 0.0011275
0.0000000 0.0002839 0.0008555 0.0008566 0.0004944 0.0018667 0.0010877 0.0014534 0.0016885 0.0003084 0.0010634 0.0004869 0.0011270 0.0011696 0.0008275 0.0013901 0.0009312 0.0012418 0.0005732 0.0011235 0.0010835
0.0000000 0.0002992 0.0008248 0.0008344 0.0004738 0.0015407 0.0009799 0.0014342 0.0018456 0.0003363 0.0016296 0.0008948 0.0016165 0.0018916 0.0016528 0.0010507 0.0074950 0.0022100 0.0007773 0.0011630 0.0012417
0.0000000 0.0002974 0.0009060 0.0009573 0.0005034 0.0020754 0.0012094 0.0016686 0.0021381 0.0002671 0.0014508 0.0007072 0.0014874 0.0015412 0.0010292 0.0011734 0.0019835 0.0041324 0.0006705 0.0014982 0.0014259
0.0000000 0.0003738 0.0009856 0.0010880 0.0004363 0.0017272 0.0010797 0.0014227 0.0014577 0.0002960 0.0011157 0.0005575 0.0010529 0.0011024 0.0008306 0.0006399 0.0008985 0.0008750 0.0032066 0.0009841 0.0007537
0.0000000 0.0004542 0.0009960 0.0010550 0.0005603 0.0021902 0.0013556 0.0016992 0.0019933 0.0003063 0.0014960 0.0007634 0.0014086 0.0013392 0.0010376 0.0010435 0.0010472 0.0014634 0.0007699 0.0036155 0.0018161
0.0000000 0.0002422 0.0006331 0.0006862 0.0003769 0.0014505 0.0009317 0.0012190 0.0013712 0.0002194 0.0008378 0.0004799 0.0009188 0.0009757 0.0006519 0.0007435 0.0007502 0.0009400 0.0004263 0.0013743 0.0026618

Matrix 2 :
0.0000000 0.0000000 0.0000000 0.0000000 0.0000000 0.0000000 0.0000000 0.0000000 0.0000000 0.0000000 0.0000000 0.0000000 0.0000000 0.0000000 0.0000000 0.0000000 0.0000000 0.0000000 0.0000000 0.0000000 0.0000000
0.0000000 0.0003089 0.0003517 0.0003858 0.0001359 0.0005312 0.0003316 0.0004275 0.0005089 0.0000741 0.0004809 0.0002924 0.0003918 0.0004292 0.0003302 0.0002910 0.0003688 0.0004951 0.0002305 0.0004451 0.0004672
0.0000000 0.0003568 0.0011149 0.0009706 0.0004418 0.0016532 0.0011112 0.0011997 0.0014002 0.0001760 0.0010721 0.0008231 0.0011384 0.0011077 0.0007716 0.0007306 0.0010124 0.0013771 0.0005326 0.0010318 0.0010876
0.0000000 0.0004267 0.0011826 0.0014866 0.0005113 0.0019228 0.0011094 0.0015159 0.0018773 0.0002420 0.0015716 0.0009520 0.0014013 0.0015987 0.0011418 0.0011238 0.0012582 0.0017606 0.0007559 0.0015794 0.0016010
0.0000000 0.0001511 0.0004239 0.0004351 0.0004558 0.0012414 0.0006352 0.0008561 0.0010816 0.0001246 0.0008092 0.0005066 0.0007933 0.0008189 0.0005108 0.0006398 0.0007511 0.0010948 0.0003495 0.0008934 0.0010633
0.0000000 0.0005390 0.0016067 0.0015302 0.0011784 0.0047217 0.0024551 0.0030105 0.0032927 0.0004314 0.0021518 0.0017453 0.0024828 0.0024572 0.0017627 0.0020458 0.0022974 0.0034503 0.0010134 0.0028461 0.0031170
0.0000000 0.0003069 0.0010297 0.0007872 0.0006088 0.0023838 0.0018118 0.0020600 0.0018362 0.0002051 0.0011300 0.0010066 0.0015808 0.0013505 0.0009264 0.0010385 0.0012699 0.0018406 0.0005672 0.0015932 0.0015803
0.0000000 0.0003696 0.0011349 0.0011701 0.0008050 0.0029428 0.0020750 0.0030535 0.0027137 0.0003158 0.0018481 0.0015651 0.0023848 0.0021121 0.0014280 0.0014943 0.0018967 0.0028491 0.0008678 0.0021440 0.0025112
0.0000000 0.0005250 0.0014638 0.0016194 0.0010673 0.0035033 0.0019370 0.0028849 0.0064788 0.0004778 0.0041064 0.0029794 0.0032937 0.0042084 0.0030627 0.0033457 0.0044518 0.0065562 0.0013629 0.0040754 0.0051006
0.0000000 0.0000373 0.0001056 0.0001274 0.0000985 0.0003402 0.0001608 0.0002296 0.0003447 0.0004921 0.0002852 0.0001779 0.0002320 0.0003405 0.0001738 0.0001813 0.0002560 0.0002908 0.0001231 0.0002479 0.0002550
0.0000000 0.0006164 0.0016756 0.0017869 0.0009886 0.0032831 0.0017957 0.0026885 0.0050035 0.0006144 0.0211372 0.0033637 0.0035302 0.0046416 0.0044780 0.0028902 0.0052435 0.0050235 0.0017932 0.0037234 0.0047739
0.0000000 0.0004415 0.0011311 0.0011281 0.0006693 0.0023616 0.0014569 0.0020212 0.0033939 0.0003050 0.0034271 0.0063763 0.0027285 0.0030674 0.0023942 0.0018310 0.0035952 0.0039076 0.0010605 0.0025006 0.0034092
0.0000000 0.0005332 0.0014456 0.0015885 0.0009267 0.0032387 0.0020742 0.0031115 0.0039651 0.0004333 0.0035803 0.0027568 0.0058619 0.0049068 0.0031713 0.0027625 0.0042382 0.0052687 0.0014047 0.0036197 0.0045031
0.0000000 0.0005777 0.0014191 0.0017529 0.0009454 0.0032262 0.0018778 0.0027168 0.0047513 0.0005516 0.0045914 0.0031246 0.0047960 0.0063179 0.0036389 0.0030436 0.0052761 0.0058966 0.0015417 0.0039107 0.0050549
0.0000000 0.0004973 0.0012653 0.0015349 0.0007748 0.0027315 0.0015312 0.0022055 0.0039463 0.0004149 0.0051746 0.0027095 0.0035972 0.0041697 0.0047551 0.0028861 0.0052192 0.0049921 0.0015172 0.0035675 0.0044906
0.0000000 0.0005078 0.0012253 0.0014016 0.0008875 0.0031263 0.0016922 0.0024159 0.0043036 0.0004279 0.0033893 0.0021690 0.0031913 0.0035242 0.0029841 0.0035353 0.0041775 0.0060478 0.0013730 0.0040251 0.0050183
0.0000000 0.0006414 0.0016349 0.0018488 0.0011350 0.0037898 0.0020869 0.0029521 0.0056907 0.0005279 0.0061899 0.0041571 0.0047036 0.0059281 0.0051806 0.0040261 0.0109974 0.0089951 0.0019855 0.0048075 0.0063025
0.0000000 0.0009587 0.0021905 0.0025148 0.0015664 0.0056386 0.0030646 0.0045012 0.0083543 0.0006505 0.0060074 0.0045314 0.0060273 0.0068225 0.0053104 0.0061344 0.0092819 0.0147472 0.0025300 0.0074703 0.0094612
0.0000000 0.0003125 0.0007770 0.0009502 0.0004442 0.0015526 0.0008917 0.0013070 0.0017939 0.0002259 0.0018510 0.0011412 0.0015586 0.0017275 0.0014465 0.0012886 0.0018321 0.0022710 0.0016256 0.0017662 0.0020692
0.0000000 0.0008286 0.0019432 0.0022845 0.0013577 0.0050710 0.0028312 0.0039152 0.0057548 0.0005954 0.0045858 0.0030938 0.0044842 0.0047925 0.0036886 0.0041264 0.0049542 0.0075143 0.0020373 0.0077599 0.0074164
0.0000000 0.0008997 0.0022355 0.0026463 0.0017350 0.0059063 0.0033241 0.0047758 0.0077763 0.0007153 0.0060981 0.0044646 0.0057412 0.0063531 0.0050927 0.0054487 0.0069247 0.0100763 0.0024838 0.0079758 0.0112787

Matrix 3 :
0.0000000 0.0000000 0.0000000 0.0000000 0.0000000 0.0000000 0.0000000 0.0000000 0.0000000 0.0000000 0.0000000 0.0000000 0.0000000 0.0000000 0.0000000 0.0000000 0.0000000 0.0000000 0.0000000 0.0000000 0.0000000
0.0000000 0.0002493 0.0005117 0.0005279 0.0002613 0.0009602 0.0005521 0.0007272 0.0010473 0.0001393 0.0012478 0.0008077 0.0007307 0.0008542 0.0006406 0.0005121 0.0008779 0.0009604 0.0003611 0.0006458 0.0008323
0.0000000 0.0005117 0.0015148 0.0012763 0.0007543 0.0029738 0.0016334 0.0021904 0.0028215 0.0004659 0.0030762 0.0022718 0.0020861 0.0024447 0.0019248 0.0014463 0.0024049 0.0027159 0.0007963 0.0019026 0.0021429
0.0000000 0.0005279 0.0012763 0.0011001 0.0006351 0.0026027 0.0014567 0.0017998 0.0025760 0.0003743 0.0028761 0.0020859 0.0017694 0.0022176 0.0016155 0.0012598 0.0021103 0.0024349 0.0008470 0.0016214 0.0021244
0.0000000 0.0002613 0.0007543 0.0006351 0.0004483 0.0016415 0.0009058 0.0011937 0.0016430 0.0002239 0.0016595 0.0012823 0.0011498 0.0012548 0.0008236 0.0008690 0.0013226 0.0013860 0.0004785 0.0010245 0.0012638
0.0000000 0.0009602 0.0029738 0.0026027 0.0016415 0.0070590 0.0035477 0.0045016 0.0061639 0.0007851 0.0060762 0.0050825 0.0040359 0.0048958 0.0035885 0.0030715 0.0050426 0.0058808 0.0017684 0.0041596 0.0048896
0.0000000 0.0005521 0.0016334 0.0014567 0.0009058 0.0035477 0.0022530 0.0027275 0.0033327 0.0004616 0.0037314 0.0028943 0.0023646 0.0031249 0.0021109 0.0018131 0.0027352 0.0032906 0.0010861 0.0022818 0.0028531
0.0000000 0.0007272 0.0021904 0.0017998 0.0011937 0.0045016 0.0027275 0.0035412 0.0041601 0.0005426 0.0045528 0.0035783 0.0031102 0.0036832 0.0025739 0.0020903 0.0039206 0.0041883 0.0013126 0.0028413 0.0035695
0.0000000 0.0010473 0.0028215 0.0025760 0.0016430 0.0061639 0.0033327 0.0041601 0.0061490 0.0007663 0.0064362 0.0049255 0.0042330 0.0052518 0.0037022 0.0030881 0.0050029 0.0054898 0.0017603 0.0040135 0.0046275
0.0000000 0.0001393 0.0004659 0.0003743 0.0002239 0.0007851 0.0004616 0.0005426 0.0007663 0.0004328 0.0009486 0.0006268 0.0005712 0.0007095 0.0005063 0.0005044 0.0007241 0.0008164 0.0002535 0.0006003 0.0006101
0.0000000 0.0012478 0.0030762 0.0028761 0.0016595 0.0060762 0.0037314 0.0045528 0.0064362 0.0009486 0.0090075 0.0055222 0.0046817 0.0058080 0.0041178 0.0030783 0.0054981 0.0058145 0.0020563 0.0038548 0.0048917
0.0000000 0.0008077 0.0022718 0.0020859 0.0012823 0.0050825 0.0028943 0.0035783 0.0049255 0.0006268 0.0055222 0.0042964 0.0031725 0.0041426 0.0029805 0.0023227 0.0040737 0.0042744 0.0015140 0.0031083 0.0038475
0.0000000 0.0007307 0.0020861 0.0017694 0.0011498 0.0040359 0.0023646 0.0031102 0.0042330 0.0005712 0.0046817 0.0031725 0.0032644 0.0038346 0.0027735 0.0022036 0.0035479 0.0037851 0.0012735 0.0026201 0.0031313
0.0000000 0.0008542 0.0024447 0.0022176 0.0012548 0.0048958 0.0031249 0.0036832 0.0052518 0.0007095 0.0058080 0.0041426 0.0038346 0.0047208 0.0032487 0.0025162 0.0043232 0.0044097 0.0014189 0.0032082 0.0039503
0.0000000 0.0006406 0.0019248 0.0016155 0.0008236 0.0035885 0.0021109 0.0025739 0.0037022 0.0005063 0.0041178 0.0029805 0.0027735 0.0032487 0.0026135 0.0017580 0.0031868 0.0032270 0.0010626 0.0023037 0.0028233
0.0000000 0.0005121 0.0014463 0.0012598 0.0008690 0.0030715 0.0018131 0.0020903 0.0030881 0.0005044 0.0030783 0.0023227 0.0022036 0.0025162 0.0017580 0.0015448 0.0024882 0.0026450 0.0009079 0.0020408 0.0022813
0.0000000 0.0008779 0.0024049 0.0021103 0.0013226 0.0050426 0.0027352 0.0039206 0.0050029 0.0007241 0.0054981 0.0040737 0.0035479 0.0043232 0.0031868 0.0024882 0.0046256 0.0047373 0.0014801 0.0034440 0.0039931
0.0000000 0.0009604 0.0027159 0.0024349 0.0013860 0.0058808 0.0032906 0.0041883 0.0054898 0.0008164 0.0058145 0.0042744 0.0037851 0.0044097 0.0032270 0.0026450 0.0047373 0.0056251 0.0015997 0.0037672 0.0045833
0.0000000 0.0003611 0.0007963 0.0008470 0.0004785 0.0017684 0.0010861 0.0013126 0.0017603 0.0002535 0.0020563 0.0015140 0.0012735 0.0014189 0.0010626 0.0009079 0.0014801 0.0015997 0.0006947 0.0013723 0.0014076
0.0000000 0.0006458 0.0019026 0.0016214 0.0010245 0.0041596 0.0022818 0.0028413 0.0040135 0.0006003 0.0038548 0.0031083 0.0026201 0.0032082 0.0023037 0.0020408 0.0034440 0.0037672 0.0013723 0.0027322 0.0032686
0.0000000 0.0008323 0.0021429 0.0021244 0.0012638 0.0048896 0.0028531 0.0035695 0.0046275 0.0006101 0.0048917 0.0038475 0.0031313 0.0039503 0.0028233 0.0022813 0.0039931 0.0045833 0.0014076 0.0032686 0.0040740


