ss 1
solv 1
unaligned 1

Transition matrix:
0.0000000 0.0380882 0.0240006 0.4688817 0.4688817 0.0001478
0.0000000 0.9158327 0.0328401 0.0255884 0.0255884 0.0001504
0.0000000 0.1469366 0.7434414 0.0545981 0.0545981 0.0004258
0.0000000 0.0454109 0.0403021 0.9093967 0.0000031 0.0048873
0.0000000 0.0454114 0.0403025 0.0000031 0.9094070 0.0048760
0.0000000 0.2000000 0.2000000 0.2000000 0.2000000 0.2000000

Emission vector for indel state 1:
0.0000000
0.0148636
0.0372999
0.0355253
0.0203471
0.0808902
0.0447983
0.0553679
0.0758452
0.0107846
0.0770572
0.0567770
0.0550902
0.0646873
0.0490557
0.0399354
0.0661735
0.0754515
0.0223709
0.0524871
0.0651922

Emission vector for indel state 2:
0.0000000
0.0148636
0.0372999
0.0355253
0.0203471
0.0808902
0.0447983
0.0553679
0.0758452
0.0107846
0.0770572
0.0567770
0.0550902
0.0646873
0.0490557
0.0399354
0.0661735
0.0754515
0.0223709
0.0524871
0.0651922

Background frequencies:
0.0000000
0.0145211
0.0416972
0.0365313
0.0220610
0.0912118
0.0573394
0.0710501
0.0798825
0.0128565
0.0724445
0.0458587
0.0558434
0.0610202
0.0438345
0.0376260
0.0585862
0.0659619
0.0232451
0.0499801
0.0584485

Emission matrices:
Matrix 1 :
0.0000000 0.0000000 0.0000000 0.0000000 0.0000000 0.0000000 0.0000000 0.0000000 0.0000000 0.0000000 0.0000000 0.0000000 0.0000000 0.0000000 0.0000000 0.0000000 0.0000000 0.0000000 0.0000000 0.0000000 0.0000000
0.0000000 0.0007367 0.0009634 0.0008635 0.0003882 0.0015479 0.0010923 0.0012171 0.0011481 0.0001975 0.0007403 0.0004179 0.0007418 0.0006593 0.0004516 0.0004681 0.0005649 0.0007391 0.0003424 0.0006396 0.0006128
0.0000000 0.0009634 0.0029695 0.0023980 0.0013082 0.0064620 0.0043730 0.0048312 0.0035642 0.0006666 0.0022550 0.0012401 0.0021775 0.0019851 0.0012475 0.0011569 0.0014363 0.0016644 0.0009720 0.0014987 0.0015093
0.0000000 0.0008635 0.0023980 0.0019987 0.0009240 0.0041671 0.0027234 0.0034703 0.0030235 0.0005885 0.0020679 0.0011216 0.0019974 0.0019372 0.0013161 0.0011872 0.0014819 0.0019056 0.0010386 0.0016780 0.0017309
0.0000000 0.0003882 0.0013082 0.0009240 0.0006423 0.0032834 0.0019929 0.0024101 0.0020064 0.0003571 0.0012753 0.0006670 0.0011792 0.0011288 0.0007210 0.0006783 0.0008580 0.0010783 0.0004835 0.0009905 0.0009888
0.0000000 0.0015479 0.0064620 0.0041671 0.0032834 0.0140693 0.0108021 0.0117084 0.0087392 0.0015967 0.0043496 0.0026694 0.0047154 0.0040605 0.0025250 0.0027034 0.0031204 0.0039334 0.0017842 0.0036453 0.0037486
0.0000000 0.0010923 0.0043730 0.0027234 0.0019929 0.0108021 0.0063186 0.0095945 0.0054686 0.0010817 0.0027042 0.0017085 0.0030997 0.0027225 0.0015706 0.0015144 0.0017818 0.0022502 0.0011634 0.0022503 0.0021995
0.0000000 0.0012171 0.0048312 0.0034703 0.0024101 0.0117084 0.0095945 0.0090003 0.0071188 0.0015072 0.0038707 0.0023036 0.0044649 0.0036184 0.0020930 0.0020200 0.0024115 0.0031760 0.0015666 0.0028742 0.0030699
0.0000000 0.0011481 0.0035642 0.0030235 0.0020064 0.0087392 0.0054686 0.0071188 0.0080408 0.0013748 0.0057676 0.0028197 0.0044247 0.0048732 0.0029748 0.0029599 0.0038756 0.0049193 0.0016693 0.0038495 0.0042826
0.0000000 0.0001975 0.0006666 0.0005885 0.0003571 0.0015967 0.0010817 0.0015072 0.0013748 0.0010078 0.0008613 0.0003945 0.0008003 0.0008072 0.0004776 0.0004187 0.0004598 0.0005546 0.0003026 0.0005414 0.0004758
0.0000000 0.0007403 0.0022550 0.0020679 0.0012753 0.0043496 0.0027042 0.0038707 0.0057676 0.0008613 0.0116558 0.0028691 0.0035749 0.0043393 0.0032839 0.0021372 0.0036969 0.0036757 0.0014929 0.0028658 0.0034525
0.0000000 0.0004179 0.0012401 0.0011216 0.0006670 0.0026694 0.0017085 0.0023036 0.0028197 0.0003945 0.0028691 0.0031171 0.0020637 0.0024877 0.0017186 0.0013232 0.0022977 0.0023605 0.0008795 0.0018322 0.0022636
0.0000000 0.0007418 0.0021775 0.0019974 0.0011792 0.0047154 0.0030997 0.0044649 0.0044247 0.0008003 0.0035749 0.0020637 0.0036083 0.0042201 0.0025319 0.0022208 0.0031100 0.0035197 0.0013707 0.0029425 0.0031677
0.0000000 0.0006593 0.0019851 0.0019372 0.0011288 0.0040605 0.0027225 0.0036184 0.0048732 0.0008072 0.0043393 0.0024877 0.0042201 0.0039301 0.0029597 0.0024001 0.0037215 0.0039230 0.0014221 0.0030961 0.0034733
0.0000000 0.0004516 0.0012475 0.0013161 0.0007210 0.0025250 0.0015706 0.0020930 0.0029748 0.0004776 0.0032839 0.0017186 0.0025319 0.0029597 0.0024189 0.0017631 0.0030384 0.0028972 0.0010849 0.0023051 0.0025913
0.0000000 0.0004681 0.0011569 0.0011872 0.0006783 0.0027034 0.0015144 0.0020200 0.0029599 0.0004187 0.0021372 0.0013232 0.0022208 0.0024001 0.0017631 0.0015681 0.0024151 0.0032188 0.0009430 0.0024023 0.0028406
0.0000000 0.0005649 0.0014363 0.0014819 0.0008580 0.0031204 0.0017818 0.0024115 0.0038756 0.0004598 0.0036969 0.0022977 0.0031100 0.0037215 0.0030384 0.0024151 0.0057252 0.0049538 0.0013357 0.0030111 0.0036287
0.0000000 0.0007391 0.0016644 0.0019056 0.0010783 0.0039334 0.0022502 0.0031760 0.0049193 0.0005546 0.0036757 0.0023605 0.0035197 0.0039230 0.0028972 0.0032188 0.0049538 0.0053072 0.0014807 0.0040685 0.0048546
0.0000000 0.0003424 0.0009720 0.0010386 0.0004835 0.0017842 0.0011634 0.0015666 0.0016693 0.0003026 0.0014929 0.0008795 0.0013707 0.0014221 0.0010849 0.0009430 0.0013357 0.0014807 0.0015647 0.0012734 0.0013950
0.0000000 0.0006396 0.0014987 0.0016780 0.0009905 0.0036453 0.0022503 0.0028742 0.0038495 0.0005414 0.0028658 0.0018322 0.0029425 0.0030961 0.0023051 0.0024023 0.0030111 0.0040685 0.0012734 0.0031990 0.0040958
0.0000000 0.0006128 0.0015093 0.0017309 0.0009888 0.0037486 0.0021995 0.0030699 0.0042826 0.0004758 0.0034525 0.0022636 0.0031677 0.0034733 0.0025913 0.0028406 0.0036287 0.0048546 0.0013950 0.0040958 0.0041580

Matrix 2 :
0.0000000 0.0000000 0.0000000 0.0000000 0.0000000 0.0000000 0.0000000 0.0000000 0.0000000 0.0000000 0.0000000 0.0000000 0.0000000 0.0000000 0.0000000 0.0000000 0.0000000 0.0000000 0.0000000 0.0000000 0.0000000
0.0000000 0.0002369 0.0004865 0.0004796 0.0002908 0.0010898 0.0006090 0.0007774 0.0010986 0.0001811 0.0012409 0.0008415 0.0007724 0.0009325 0.0007708 0.0005579 0.0009711 0.0009521 0.0003060 0.0006332 0.0008131
0.0000000 0.0004865 0.0015690 0.0012850 0.0008661 0.0031344 0.0018563 0.0021305 0.0029900 0.0004190 0.0032737 0.0023310 0.0021241 0.0025492 0.0018512 0.0014712 0.0025235 0.0026626 0.0008921 0.0019412 0.0021954
0.0000000 0.0004796 0.0012850 0.0012050 0.0007307 0.0026396 0.0015090 0.0018386 0.0026672 0.0003531 0.0028560 0.0019818 0.0019840 0.0022037 0.0017735 0.0013684 0.0024656 0.0024414 0.0008020 0.0016941 0.0021226
0.0000000 0.0002908 0.0008661 0.0007307 0.0004854 0.0015823 0.0009022 0.0012042 0.0016008 0.0002204 0.0015732 0.0012193 0.0011931 0.0013166 0.0009790 0.0008114 0.0013091 0.0013931 0.0004667 0.0010655 0.0012317
0.0000000 0.0010898 0.0031344 0.0026396 0.0015823 0.0064392 0.0037551 0.0044967 0.0060732 0.0008268 0.0060975 0.0046258 0.0043144 0.0050616 0.0037240 0.0029564 0.0054129 0.0056040 0.0018518 0.0038723 0.0049132
0.0000000 0.0006090 0.0018563 0.0015090 0.0009022 0.0037551 0.0022803 0.0028681 0.0034517 0.0005016 0.0037852 0.0027186 0.0026161 0.0029591 0.0022682 0.0018000 0.0027989 0.0033160 0.0011072 0.0023427 0.0027509
0.0000000 0.0007774 0.0021305 0.0018386 0.0012042 0.0044967 0.0028681 0.0033934 0.0042577 0.0005169 0.0046387 0.0035637 0.0032369 0.0038538 0.0027612 0.0021854 0.0036844 0.0040994 0.0013115 0.0029104 0.0035849
0.0000000 0.0010986 0.0029900 0.0026672 0.0016008 0.0060732 0.0034517 0.0042577 0.0057630 0.0006854 0.0060667 0.0045094 0.0044518 0.0051232 0.0036686 0.0029746 0.0050742 0.0053608 0.0018711 0.0036173 0.0045264
0.0000000 0.0001811 0.0004190 0.0003531 0.0002204 0.0008268 0.0005016 0.0005169 0.0006854 0.0002816 0.0009307 0.0006865 0.0006458 0.0007672 0.0005046 0.0003820 0.0007242 0.0007212 0.0002764 0.0005327 0.0005996
0.0000000 0.0012409 0.0032737 0.0028560 0.0015732 0.0060975 0.0037852 0.0046387 0.0060667 0.0009307 0.0084803 0.0051902 0.0048391 0.0056891 0.0040828 0.0031572 0.0056354 0.0056955 0.0020275 0.0039231 0.0050623
0.0000000 0.0008415 0.0023310 0.0019818 0.0012193 0.0046258 0.0027186 0.0035637 0.0045094 0.0006865 0.0051902 0.0040310 0.0035887 0.0039172 0.0030123 0.0023313 0.0038556 0.0039785 0.0014591 0.0030076 0.0037511
0.0000000 0.0007724 0.0021241 0.0019840 0.0011931 0.0043144 0.0026161 0.0032369 0.0044518 0.0006458 0.0048391 0.0035887 0.0031968 0.0039575 0.0028395 0.0021516 0.0036842 0.0037207 0.0014244 0.0028701 0.0031831
0.0000000 0.0009325 0.0025492 0.0022037 0.0013166 0.0050616 0.0029591 0.0038538 0.0051232 0.0007672 0.0056891 0.0039172 0.0039575 0.0045441 0.0033813 0.0024425 0.0043893 0.0044946 0.0015722 0.0031834 0.0040493
0.0000000 0.0007708 0.0018512 0.0017735 0.0009790 0.0037240 0.0022682 0.0027612 0.0036686 0.0005046 0.0040828 0.0030123 0.0028395 0.0033813 0.0026979 0.0018978 0.0031020 0.0032392 0.0010785 0.0023004 0.0028669
0.0000000 0.0005579 0.0014712 0.0013684 0.0008114 0.0029564 0.0018000 0.0021854 0.0029746 0.0003820 0.0031572 0.0023313 0.0021516 0.0024425 0.0018978 0.0014335 0.0024599 0.0027854 0.0009075 0.0018831 0.0023868
0.0000000 0.0009711 0.0025235 0.0024656 0.0013091 0.0054129 0.0027989 0.0036844 0.0050742 0.0007242 0.0056354 0.0038556 0.0036842 0.0043893 0.0031020 0.0024599 0.0047026 0.0045660 0.0014854 0.0032446 0.0038062
0.0000000 0.0009521 0.0026626 0.0024414 0.0013931 0.0056040 0.0033160 0.0040994 0.0053608 0.0007212 0.0056955 0.0039785 0.0037207 0.0044946 0.0032392 0.0027854 0.0045660 0.0051822 0.0015235 0.0033450 0.0042488
0.0000000 0.0003060 0.0008921 0.0008020 0.0004667 0.0018518 0.0011072 0.0013115 0.0018711 0.0002764 0.0020275 0.0014591 0.0014244 0.0015722 0.0010785 0.0009075 0.0014854 0.0015235 0.0007204 0.0011038 0.0015181
0.0000000 0.0006332 0.0019412 0.0016941 0.0010655 0.0038723 0.0023427 0.0029104 0.0036173 0.0005327 0.0039231 0.0030076 0.0028701 0.0031834 0.0023004 0.0018831 0.0032446 0.0033450 0.0011038 0.0023927 0.0031280
0.0000000 0.0008131 0.0021954 0.0021226 0.0012317 0.0049132 0.0027509 0.0035849 0.0045264 0.0005996 0.0050623 0.0037511 0.0031831 0.0040493 0.0028669 0.0023868 0.0038062 0.0042488 0.0015181 0.0031280 0.0041649


