ss 3
solv 2
unaligned 1

Transition matrix:
0.0000000 0.0001307 0.0001307 0.0342563 0.0001307 0.0001307 0.1064328 0.0238901 0.4173837 0.4173837 0.0001307
0.0000000 0.5258758 0.0014727 0.0306845 0.3891700 0.0002048 0.0386584 0.0036158 0.0081966 0.0021164 0.0000049
0.0000000 0.0040474 0.5938723 0.1118888 0.0010581 0.1964856 0.0821193 0.0025929 0.0051326 0.0027980 0.0000049
0.0000000 0.0322729 0.1041677 0.3151234 0.0264161 0.0525609 0.4155362 0.0114906 0.0220705 0.0199404 0.0004213
0.0000000 0.4290057 0.0003473 0.0363322 0.4556341 0.0000163 0.0543235 0.0063671 0.0122677 0.0057006 0.0000054
0.0000000 0.0081554 0.4949472 0.1170224 0.0019858 0.2538473 0.0966409 0.0062940 0.0125142 0.0085811 0.0000115
0.0000000 0.0285288 0.0627161 0.2761657 0.0438016 0.0445362 0.4574957 0.0161986 0.0277655 0.0411865 0.0016054
0.0000000 0.0129615 0.0112166 0.0444923 0.0184413 0.0112956 0.0954433 0.6759377 0.0644059 0.0644059 0.0013999
0.0000000 0.0071041 0.0069670 0.0301327 0.0094081 0.0071564 0.0577027 0.0371498 0.8329484 0.0000071 0.0114236
0.0000000 0.0028926 0.0027236 0.0236144 0.0056707 0.0054050 0.0781613 0.0371488 0.0000071 0.8329245 0.0114520
0.0000000 0.1000000 0.1000000 0.1000000 0.1000000 0.1000000 0.1000000 0.1000000 0.1000000 0.1000000 0.1000000

Emission vector for indel state 1:
0.0000000
0.0108048
0.0303876
0.0286036
0.0192839
0.0719566
0.0381766
0.0501209
0.0773898
0.0100607
0.0860471
0.0641813
0.0519477
0.0700812
0.0506984
0.0403815
0.0694857
0.0830639
0.0231494
0.0514529
0.0727266

Emission vector for indel state 2:
0.0000000
0.0108048
0.0303876
0.0286036
0.0192839
0.0719566
0.0381766
0.0501209
0.0773898
0.0100607
0.0860471
0.0641813
0.0519477
0.0700812
0.0506984
0.0403815
0.0694857
0.0830639
0.0231494
0.0514529
0.0727266

Background frequencies:
0.0000000
0.0131891
0.0393611
0.0343388
0.0216657
0.0915852
0.0578431
0.0729812
0.0829131
0.0132082
0.0753503
0.0463427
0.0543788
0.0586737
0.0418425
0.0362661
0.0584241
0.0680912
0.0230845
0.0507958
0.0596648

Emission matrices:
Matrix 1 :
0.0000000 0.0000000 0.0000000 0.0000000 0.0000000 0.0000000 0.0000000 0.0000000 0.0000000 0.0000000 0.0000000 0.0000000 0.0000000 0.0000000 0.0000000 0.0000000 0.0000000 0.0000000 0.0000000 0.0000000 0.0000000
0.0000000 0.0077818 0.0018370 0.0017701 0.0005169 0.0018912 0.0007425 0.0009147 0.0009797 0.0001408 0.0001933 0.0001179 0.0003330 0.0003140 0.0002835 0.0003395 0.0001755 0.0004713 0.0003285 0.0004871 0.0004755
0.0000000 0.0018087 0.0189013 0.0055145 0.0019699 0.0103989 0.0037099 0.0035055 0.0033028 0.0005129 0.0005402 0.0003911 0.0012769 0.0009230 0.0004423 0.0007239 0.0004917 0.0007979 0.0008281 0.0010318 0.0008952
0.0000000 0.0016913 0.0054902 0.0133303 0.0009756 0.0043273 0.0019290 0.0020562 0.0026934 0.0004557 0.0006070 0.0003545 0.0008656 0.0008530 0.0007453 0.0007846 0.0005266 0.0008956 0.0012900 0.0011552 0.0008947
0.0000000 0.0005068 0.0020978 0.0010572 0.0060432 0.0091951 0.0043425 0.0034848 0.0030691 0.0005988 0.0006025 0.0003470 0.0011304 0.0009577 0.0004258 0.0009137 0.0003368 0.0006711 0.0004575 0.0009132 0.0007686
0.0000000 0.0019990 0.0106112 0.0046875 0.0093321 0.0763518 0.0215328 0.0166299 0.0124736 0.0020286 0.0017809 0.0011841 0.0043426 0.0027227 0.0014689 0.0025015 0.0014416 0.0027740 0.0017329 0.0035853 0.0030088
0.0000000 0.0007342 0.0039747 0.0020455 0.0044953 0.0217169 0.0239834 0.0138326 0.0074543 0.0010851 0.0010613 0.0007066 0.0029207 0.0017636 0.0008199 0.0011962 0.0006985 0.0014157 0.0007265 0.0017451 0.0016557
0.0000000 0.0009329 0.0038876 0.0022522 0.0035126 0.0168318 0.0137060 0.0233982 0.0120279 0.0016117 0.0014318 0.0011462 0.0041645 0.0025265 0.0012039 0.0014970 0.0009545 0.0017550 0.0008124 0.0021291 0.0019656
0.0000000 0.0010922 0.0036358 0.0030534 0.0031399 0.0129503 0.0076252 0.0121983 0.0593257 0.0029899 0.0077760 0.0019588 0.0056355 0.0080975 0.0021366 0.0025691 0.0018569 0.0036425 0.0015871 0.0032249 0.0035798
0.0000000 0.0001579 0.0005883 0.0004226 0.0006058 0.0020290 0.0010526 0.0016245 0.0029363 0.0049103 0.0004360 0.0001178 0.0008635 0.0008429 0.0002886 0.0002612 0.0001630 0.0002984 0.0001754 0.0003298 0.0002916
0.0000000 0.0001777 0.0004646 0.0005356 0.0004568 0.0014263 0.0008348 0.0012237 0.0073936 0.0004216 0.0152608 0.0006240 0.0011638 0.0021604 0.0006825 0.0006084 0.0006820 0.0008935 0.0003154 0.0008764 0.0007223
0.0000000 0.0000788 0.0002667 0.0002438 0.0002725 0.0009103 0.0005651 0.0010147 0.0016460 0.0001005 0.0005285 0.0060337 0.0004664 0.0005570 0.0001923 0.0002852 0.0003209 0.0004437 0.0002062 0.0003604 0.0004629
0.0000000 0.0002695 0.0012232 0.0008450 0.0010941 0.0041940 0.0027735 0.0039094 0.0053680 0.0008333 0.0011609 0.0004317 0.0085918 0.0031720 0.0010056 0.0010819 0.0007325 0.0013318 0.0005491 0.0011883 0.0010555
0.0000000 0.0002446 0.0007907 0.0008641 0.0009132 0.0023857 0.0015800 0.0023337 0.0076161 0.0007606 0.0022338 0.0005779 0.0031685 0.0075487 0.0012656 0.0010853 0.0010212 0.0013229 0.0006102 0.0012499 0.0011575
0.0000000 0.0001781 0.0003527 0.0005345 0.0002867 0.0009922 0.0005905 0.0009260 0.0015271 0.0001745 0.0005826 0.0002083 0.0008764 0.0010717 0.0054910 0.0008036 0.0007477 0.0009350 0.0006592 0.0007750 0.0006737
0.0000000 0.0002103 0.0005509 0.0006262 0.0008097 0.0018280 0.0009412 0.0011366 0.0018945 0.0002202 0.0005719 0.0002995 0.0008949 0.0009095 0.0007715 0.0065387 0.0007966 0.0020349 0.0008052 0.0014530 0.0012144
0.0000000 0.0000897 0.0003316 0.0003322 0.0001991 0.0006890 0.0004274 0.0005009 0.0012454 0.0001100 0.0004358 0.0002176 0.0006491 0.0008588 0.0009081 0.0007765 0.0096046 0.0023992 0.0005266 0.0006921 0.0006838
0.0000000 0.0002863 0.0005650 0.0006152 0.0004964 0.0017365 0.0010095 0.0011264 0.0023859 0.0002094 0.0006567 0.0003039 0.0010003 0.0010323 0.0009018 0.0020670 0.0023823 0.0146406 0.0007161 0.0015291 0.0015993
0.0000000 0.0002863 0.0006935 0.0012111 0.0003249 0.0011945 0.0005365 0.0006557 0.0010342 0.0001562 0.0003067 0.0002391 0.0004434 0.0005348 0.0006556 0.0008442 0.0005754 0.0006534 0.0059008 0.0007701 0.0005822
0.0000000 0.0002756 0.0006494 0.0007748 0.0005710 0.0019624 0.0009760 0.0012088 0.0017889 0.0001983 0.0006248 0.0002816 0.0009035 0.0008103 0.0008065 0.0012560 0.0006065 0.0015399 0.0006307 0.0128057 0.0028946
0.0000000 0.0001909 0.0004562 0.0005366 0.0003745 0.0013168 0.0008168 0.0009431 0.0014000 0.0001319 0.0003660 0.0001992 0.0005577 0.0006005 0.0004420 0.0008412 0.0004775 0.0010943 0.0004551 0.0027423 0.0072997

Matrix 2 :
0.0000000 0.0000000 0.0000000 0.0000000 0.0000000 0.0000000 0.0000000 0.0000000 0.0000000 0.0000000 0.0000000 0.0000000 0.0000000 0.0000000 0.0000000 0.0000000 0.0000000 0.0000000 0.0000000 0.0000000 0.0000000
0.0000000 0.0092460 0.0018208 0.0017131 0.0002974 0.0013262 0.0008640 0.0008852 0.0004772 0.0001662 0.0003092 0.0001735 0.0004467 0.0003542 0.0001329 0.0002439 0.0001670 0.0001990 0.0002807 0.0003746 0.0002493
0.0000000 0.0018930 0.0223701 0.0074674 0.0019001 0.0086779 0.0067901 0.0069105 0.0024997 0.0007443 0.0009417 0.0006302 0.0014811 0.0011809 0.0005359 0.0006691 0.0003860 0.0006078 0.0009950 0.0007397 0.0009118
0.0000000 0.0016755 0.0072868 0.0199333 0.0008394 0.0035240 0.0031325 0.0035257 0.0017375 0.0005571 0.0008750 0.0004921 0.0013201 0.0010503 0.0006168 0.0005730 0.0005076 0.0007697 0.0013138 0.0010755 0.0008710
0.0000000 0.0003320 0.0018529 0.0009036 0.0034856 0.0051119 0.0033439 0.0035835 0.0014792 0.0004149 0.0004431 0.0002453 0.0011030 0.0006438 0.0003651 0.0005047 0.0001707 0.0003826 0.0003299 0.0004764 0.0003717
0.0000000 0.0013812 0.0088134 0.0036954 0.0050689 0.0463254 0.0205254 0.0208969 0.0050212 0.0015093 0.0016534 0.0012149 0.0032799 0.0017646 0.0011509 0.0012744 0.0006466 0.0011532 0.0009487 0.0018753 0.0016228
0.0000000 0.0009102 0.0069031 0.0033519 0.0035458 0.0210087 0.0399960 0.0314891 0.0047333 0.0012426 0.0013756 0.0009794 0.0036437 0.0017389 0.0007827 0.0008709 0.0005692 0.0011262 0.0008617 0.0012974 0.0013251
0.0000000 0.0009312 0.0071191 0.0038679 0.0037911 0.0215365 0.0314848 0.0628715 0.0105548 0.0028402 0.0025869 0.0016619 0.0069746 0.0033133 0.0013969 0.0015137 0.0009757 0.0020514 0.0013182 0.0022082 0.0023313
0.0000000 0.0005079 0.0024357 0.0017854 0.0015065 0.0050369 0.0046837 0.0102543 0.0223783 0.0020114 0.0063970 0.0016757 0.0038494 0.0048774 0.0010548 0.0010721 0.0009859 0.0013590 0.0008609 0.0015477 0.0012484
0.0000000 0.0001085 0.0007800 0.0006131 0.0004513 0.0015175 0.0012523 0.0027413 0.0021760 0.0072519 0.0008296 0.0003237 0.0012283 0.0009693 0.0002978 0.0002123 0.0001853 0.0002124 0.0002009 0.0003638 0.0002692
0.0000000 0.0002041 0.0007835 0.0007336 0.0004108 0.0014432 0.0011712 0.0021894 0.0059889 0.0007537 0.0290178 0.0005158 0.0015134 0.0026355 0.0008306 0.0005184 0.0009020 0.0007136 0.0004452 0.0008128 0.0008043
0.0000000 0.0000725 0.0004097 0.0002766 0.0001406 0.0006868 0.0006154 0.0009574 0.0011185 0.0001887 0.0004006 0.0082523 0.0005312 0.0006136 0.0002397 0.0002375 0.0002395 0.0003757 0.0001587 0.0003563 0.0002666
0.0000000 0.0004303 0.0014251 0.0013291 0.0010754 0.0032719 0.0034013 0.0064382 0.0035911 0.0011776 0.0015763 0.0008277 0.0158821 0.0046429 0.0014311 0.0011985 0.0010834 0.0018992 0.0008550 0.0018586 0.0018593
0.0000000 0.0003130 0.0011168 0.0009615 0.0005970 0.0016806 0.0014118 0.0031088 0.0046487 0.0008901 0.0025519 0.0007847 0.0048259 0.0107097 0.0015242 0.0010026 0.0012628 0.0014609 0.0009235 0.0015174 0.0013351
0.0000000 0.0001115 0.0004090 0.0005352 0.0002713 0.0008699 0.0005392 0.0009149 0.0008285 0.0002345 0.0004589 0.0001711 0.0011235 0.0013021 0.0070236 0.0004703 0.0010944 0.0004763 0.0007090 0.0006506 0.0005849
0.0000000 0.0001755 0.0004869 0.0004622 0.0003940 0.0009376 0.0006623 0.0009987 0.0007532 0.0001769 0.0004172 0.0002325 0.0009384 0.0006838 0.0005475 0.0043258 0.0005077 0.0010253 0.0006717 0.0010365 0.0009634
0.0000000 0.0000979 0.0002472 0.0004060 0.0001298 0.0004401 0.0003850 0.0006373 0.0006661 0.0001458 0.0005890 0.0002099 0.0008091 0.0009882 0.0012093 0.0005127 0.0126457 0.0015828 0.0004391 0.0006355 0.0004679
0.0000000 0.0001195 0.0003842 0.0006192 0.0002734 0.0008366 0.0007446 0.0013112 0.0008819 0.0001487 0.0005608 0.0003264 0.0013685 0.0010812 0.0004820 0.0011268 0.0015613 0.0086748 0.0005370 0.0009161 0.0010197
0.0000000 0.0003000 0.0009369 0.0013246 0.0002679 0.0008573 0.0006728 0.0010438 0.0006722 0.0001882 0.0004211 0.0002939 0.0007059 0.0008634 0.0007025 0.0006752 0.0005306 0.0005215 0.0072105 0.0008409 0.0006310
0.0000000 0.0002514 0.0004703 0.0007436 0.0002974 0.0011716 0.0007486 0.0011748 0.0009258 0.0002148 0.0004745 0.0002187 0.0011705 0.0009210 0.0005776 0.0008512 0.0004382 0.0007267 0.0006141 0.0095079 0.0020471
0.0000000 0.0001670 0.0004281 0.0005265 0.0002445 0.0007906 0.0005023 0.0009590 0.0006013 0.0001398 0.0004269 0.0002752 0.0008783 0.0006784 0.0003750 0.0006661 0.0003332 0.0007961 0.0003452 0.0020047 0.0061605

Matrix 3 :
0.0000000 0.0000000 0.0000000 0.0000000 0.0000000 0.0000000 0.0000000 0.0000000 0.0000000 0.0000000 0.0000000 0.0000000 0.0000000 0.0000000 0.0000000 0.0000000 0.0000000 0.0000000 0.0000000 0.0000000 0.0000000
0.0000000 0.0072611 0.0018481 0.0014531 0.0003141 0.0014461 0.0005545 0.0004992 0.0006663 0.0000817 0.0004954 0.0004276 0.0004230 0.0004390 0.0002669 0.0002272 0.0002842 0.0003606 0.0003032 0.0003033 0.0003154
0.0000000 0.0018644 0.0180263 0.0053804 0.0014085 0.0071489 0.0031963 0.0030968 0.0020949 0.0004718 0.0014361 0.0014202 0.0012763 0.0012632 0.0009446 0.0006459 0.0008497 0.0008782 0.0009847 0.0006990 0.0007399
0.0000000 0.0014541 0.0050585 0.0132871 0.0007904 0.0030376 0.0015163 0.0016824 0.0015747 0.0004073 0.0011497 0.0009562 0.0009060 0.0012493 0.0010328 0.0005716 0.0009680 0.0007206 0.0014252 0.0009415 0.0008214
0.0000000 0.0003691 0.0014375 0.0008466 0.0046072 0.0047721 0.0023284 0.0018807 0.0015323 0.0003710 0.0007889 0.0006593 0.0009001 0.0008953 0.0005168 0.0005432 0.0005319 0.0004848 0.0003111 0.0006990 0.0005712
0.0000000 0.0014340 0.0069913 0.0032879 0.0044363 0.0419062 0.0109560 0.0097139 0.0053327 0.0011782 0.0025717 0.0030962 0.0035607 0.0025161 0.0016142 0.0014608 0.0014412 0.0015502 0.0014041 0.0020767 0.0020366
0.0000000 0.0005890 0.0029950 0.0015825 0.0020880 0.0104724 0.0143401 0.0100458 0.0032099 0.0007029 0.0011122 0.0020036 0.0021913 0.0014486 0.0007804 0.0007952 0.0007030 0.0007823 0.0006852 0.0009518 0.0009206
0.0000000 0.0004556 0.0027822 0.0018299 0.0018166 0.0092232 0.0101802 0.0192071 0.0060313 0.0011910 0.0018313 0.0027422 0.0038430 0.0021425 0.0011734 0.0009000 0.0009869 0.0010874 0.0009766 0.0012793 0.0015055
0.0000000 0.0005391 0.0020870 0.0019682 0.0014943 0.0053197 0.0033630 0.0065277 0.0267629 0.0022298 0.0073284 0.0042965 0.0043395 0.0072387 0.0022505 0.0015520 0.0023626 0.0022657 0.0011277 0.0019407 0.0022503
0.0000000 0.0001400 0.0004809 0.0005021 0.0003864 0.0012660 0.0007986 0.0013552 0.0022648 0.0108963 0.0010840 0.0006633 0.0010819 0.0012134 0.0005824 0.0002836 0.0005653 0.0003530 0.0003422 0.0003782 0.0004232
0.0000000 0.0004703 0.0012145 0.0012409 0.0007385 0.0020324 0.0011728 0.0017785 0.0069218 0.0008972 0.0667045 0.0027453 0.0029687 0.0054536 0.0034467 0.0014634 0.0032375 0.0022764 0.0011387 0.0019052 0.0022616
0.0000000 0.0004677 0.0014589 0.0012501 0.0008136 0.0035229 0.0022042 0.0033670 0.0048464 0.0006720 0.0026390 0.0394978 0.0024715 0.0028939 0.0015618 0.0012137 0.0019746 0.0015771 0.0009524 0.0014734 0.0020258
0.0000000 0.0004395 0.0011825 0.0008930 0.0009460 0.0033009 0.0023235 0.0039772 0.0042750 0.0009799 0.0027756 0.0020181 0.0172868 0.0064982 0.0020294 0.0011808 0.0017945 0.0013991 0.0009033 0.0013163 0.0015954
0.0000000 0.0004027 0.0012433 0.0013873 0.0008634 0.0024447 0.0014539 0.0023100 0.0073504 0.0011908 0.0052621 0.0024118 0.0066777 0.0198900 0.0033198 0.0014716 0.0030547 0.0018800 0.0013412 0.0019741 0.0019701
0.0000000 0.0002633 0.0007626 0.0010154 0.0004730 0.0012828 0.0006135 0.0010582 0.0017046 0.0004793 0.0021510 0.0009697 0.0018960 0.0027390 0.0149744 0.0010098 0.0029374 0.0009925 0.0012643 0.0013483 0.0013621
0.0000000 0.0001574 0.0005142 0.0005678 0.0004157 0.0010671 0.0006636 0.0006944 0.0011445 0.0001495 0.0009038 0.0006696 0.0008848 0.0009473 0.0010644 0.0045541 0.0009302 0.0011970 0.0007451 0.0009154 0.0008766
0.0000000 0.0002215 0.0004800 0.0007598 0.0003661 0.0009431 0.0004505 0.0007792 0.0017676 0.0003187 0.0019151 0.0009341 0.0015637 0.0022751 0.0028593 0.0009604 0.0256380 0.0028432 0.0009378 0.0009449 0.0010683
0.0000000 0.0001968 0.0004272 0.0004944 0.0002587 0.0007566 0.0004640 0.0006337 0.0011082 0.0001648 0.0010280 0.0006578 0.0008725 0.0010680 0.0008632 0.0012381 0.0023318 0.0090982 0.0005994 0.0006072 0.0007767
0.0000000 0.0003302 0.0010629 0.0013298 0.0003477 0.0011563 0.0006203 0.0008120 0.0009875 0.0002447 0.0008724 0.0005491 0.0007322 0.0009532 0.0013960 0.0008161 0.0009208 0.0008199 0.0108238 0.0008267 0.0006839
0.0000000 0.0002399 0.0004314 0.0006895 0.0004169 0.0013417 0.0005035 0.0009301 0.0011212 0.0002056 0.0010250 0.0007667 0.0008686 0.0010420 0.0010201 0.0008104 0.0007726 0.0006847 0.0007029 0.0121575 0.0023502
0.0000000 0.0000944 0.0003030 0.0003664 0.0002772 0.0008297 0.0004166 0.0006552 0.0007967 0.0001344 0.0007759 0.0004647 0.0006863 0.0007601 0.0006920 0.0005854 0.0005853 0.0005733 0.0004120 0.0017156 0.0056635

Matrix 4 :
0.0000000 0.0000000 0.0000000 0.0000000 0.0000000 0.0000000 0.0000000 0.0000000 0.0000000 0.0000000 0.0000000 0.0000000 0.0000000 0.0000000 0.0000000 0.0000000 0.0000000 0.0000000 0.0000000 0.0000000 0.0000000
0.0000000 0.0015538 0.0003917 0.0004990 0.0001772 0.0005927 0.0002696 0.0002297 0.0006294 0.0000488 0.0001757 0.0001622 0.0001430 0.0002322 0.0001810 0.0002705 0.0002824 0.0005297 0.0001991 0.0004166 0.0003442
0.0000000 0.0003868 0.0034992 0.0017013 0.0006413 0.0021721 0.0008510 0.0008644 0.0012435 0.0001456 0.0003540 0.0003102 0.0005658 0.0005573 0.0005466 0.0005948 0.0005861 0.0011968 0.0005891 0.0008375 0.0009163
0.0000000 0.0005416 0.0018490 0.0048672 0.0005236 0.0017765 0.0008501 0.0011387 0.0017914 0.0001363 0.0005711 0.0003874 0.0006795 0.0008057 0.0008407 0.0009692 0.0008301 0.0015316 0.0009137 0.0013164 0.0013168
0.0000000 0.0001554 0.0005584 0.0004560 0.0017625 0.0020215 0.0010234 0.0009850 0.0013409 0.0001108 0.0003077 0.0002430 0.0007021 0.0007348 0.0005081 0.0008437 0.0004857 0.0013578 0.0002961 0.0011281 0.0012082
0.0000000 0.0005720 0.0022818 0.0014405 0.0021004 0.0120343 0.0037891 0.0034736 0.0043852 0.0003327 0.0010788 0.0010129 0.0022251 0.0020046 0.0013814 0.0024534 0.0017576 0.0041806 0.0009490 0.0031739 0.0039403
0.0000000 0.0002590 0.0008027 0.0007531 0.0009892 0.0038226 0.0039711 0.0025909 0.0022378 0.0001247 0.0005029 0.0005540 0.0009818 0.0010539 0.0006577 0.0012025 0.0008720 0.0016274 0.0004374 0.0014128 0.0016556
0.0000000 0.0002361 0.0008145 0.0008733 0.0010024 0.0035315 0.0026800 0.0051967 0.0034452 0.0002568 0.0008987 0.0008752 0.0016957 0.0014919 0.0008855 0.0014803 0.0011714 0.0025899 0.0004938 0.0016861 0.0022972
0.0000000 0.0006300 0.0011849 0.0014462 0.0013173 0.0041203 0.0021520 0.0033853 0.0170256 0.0004686 0.0041392 0.0023625 0.0040310 0.0061183 0.0036933 0.0056464 0.0060107 0.0124386 0.0015059 0.0060119 0.0083506
0.0000000 0.0000264 0.0000710 0.0001540 0.0000683 0.0002788 0.0000863 0.0002008 0.0003860 0.0010982 0.0001515 0.0000597 0.0001448 0.0002259 0.0000999 0.0001689 0.0001309 0.0002544 0.0000629 0.0001505 0.0001597
0.0000000 0.0001623 0.0002972 0.0003978 0.0003350 0.0008444 0.0004151 0.0007166 0.0036940 0.0001469 0.0074500 0.0007474 0.0012893 0.0021864 0.0011838 0.0014771 0.0015812 0.0026735 0.0004523 0.0015583 0.0019265
0.0000000 0.0000985 0.0003382 0.0003586 0.0002218 0.0009354 0.0004855 0.0007946 0.0022093 0.0000646 0.0009596 0.0077035 0.0008984 0.0013697 0.0006806 0.0008916 0.0015489 0.0029354 0.0003050 0.0013136 0.0016025
0.0000000 0.0001313 0.0005455 0.0006475 0.0006856 0.0021710 0.0009966 0.0018607 0.0038898 0.0002276 0.0014858 0.0010203 0.0058462 0.0030759 0.0020550 0.0024397 0.0028798 0.0047133 0.0007319 0.0027316 0.0038809
0.0000000 0.0002741 0.0005338 0.0007420 0.0007266 0.0019427 0.0009922 0.0014284 0.0057277 0.0002585 0.0024130 0.0014095 0.0029593 0.0066027 0.0025252 0.0030187 0.0037277 0.0060278 0.0009196 0.0033016 0.0045147
0.0000000 0.0002392 0.0005656 0.0008068 0.0006296 0.0014805 0.0007277 0.0008940 0.0037786 0.0001790 0.0013642 0.0007385 0.0020386 0.0027296 0.0061567 0.0028016 0.0035396 0.0046887 0.0010595 0.0028525 0.0040986
0.0000000 0.0003900 0.0008024 0.0010807 0.0009942 0.0031550 0.0014385 0.0017712 0.0062494 0.0002240 0.0020207 0.0012420 0.0027918 0.0035410 0.0031896 0.0094306 0.0053103 0.0110767 0.0015040 0.0057801 0.0078869
0.0000000 0.0003717 0.0007148 0.0008960 0.0005865 0.0020948 0.0010399 0.0014377 0.0061538 0.0001892 0.0021165 0.0018354 0.0028383 0.0039993 0.0035214 0.0051750 0.0158787 0.0146724 0.0013492 0.0045883 0.0064620
0.0000000 0.0007619 0.0015111 0.0018521 0.0016388 0.0053314 0.0021836 0.0032840 0.0139351 0.0003859 0.0039916 0.0037382 0.0054449 0.0070380 0.0052890 0.0111433 0.0156882 0.0424125 0.0025365 0.0101985 0.0151883
0.0000000 0.0002185 0.0005932 0.0010165 0.0003767 0.0012120 0.0006276 0.0006218 0.0019951 0.0000930 0.0005681 0.0003596 0.0008408 0.0010821 0.0011049 0.0014438 0.0012845 0.0023803 0.0031669 0.0017554 0.0018194
0.0000000 0.0006134 0.0012437 0.0016640 0.0014663 0.0048578 0.0022255 0.0026675 0.0075377 0.0002792 0.0023229 0.0016702 0.0032358 0.0042502 0.0030553 0.0060155 0.0049424 0.0101992 0.0019287 0.0201723 0.0127048
0.0000000 0.0006626 0.0014922 0.0017341 0.0016516 0.0056622 0.0024592 0.0034849 0.0105446 0.0003857 0.0032342 0.0023458 0.0045862 0.0055375 0.0046954 0.0082022 0.0068276 0.0155863 0.0022018 0.0128002 0.0258079

Matrix 5 :
0.0000000 0.0000000 0.0000000 0.0000000 0.0000000 0.0000000 0.0000000 0.0000000 0.0000000 0.0000000 0.0000000 0.0000000 0.0000000 0.0000000 0.0000000 0.0000000 0.0000000 0.0000000 0.0000000 0.0000000 0.0000000
0.0000000 0.0032979 0.0008033 0.0009117 0.0001828 0.0007219 0.0003969 0.0005520 0.0003479 0.0000671 0.0002982 0.0002483 0.0006114 0.0004009 0.0003837 0.0002219 0.0002459 0.0005283 0.0003409 0.0006082 0.0004866
0.0000000 0.0007592 0.0057417 0.0031598 0.0006773 0.0027904 0.0019234 0.0021649 0.0010440 0.0002928 0.0007669 0.0006919 0.0017094 0.0011191 0.0007609 0.0008491 0.0007538 0.0013738 0.0010230 0.0014126 0.0013275
0.0000000 0.0010688 0.0035099 0.0076268 0.0006653 0.0025134 0.0018392 0.0027889 0.0013778 0.0004217 0.0009446 0.0007765 0.0022149 0.0016971 0.0012380 0.0013888 0.0011438 0.0019188 0.0014665 0.0019919 0.0019884
0.0000000 0.0001021 0.0005720 0.0005421 0.0012640 0.0012068 0.0008567 0.0016229 0.0007474 0.0001205 0.0003465 0.0002761 0.0012352 0.0007429 0.0003545 0.0007431 0.0003143 0.0009653 0.0003316 0.0006639 0.0010662
0.0000000 0.0005889 0.0024392 0.0019437 0.0013489 0.0096898 0.0046124 0.0057596 0.0016435 0.0004125 0.0011544 0.0015220 0.0037207 0.0021746 0.0010702 0.0017271 0.0013760 0.0026574 0.0010670 0.0024362 0.0025076
0.0000000 0.0003554 0.0017452 0.0014981 0.0008848 0.0045402 0.0075630 0.0071147 0.0015046 0.0003323 0.0008205 0.0010925 0.0035801 0.0017128 0.0008698 0.0014538 0.0010966 0.0025305 0.0010497 0.0022169 0.0025023
0.0000000 0.0004096 0.0018402 0.0022161 0.0013713 0.0052104 0.0068803 0.0137322 0.0032009 0.0004956 0.0017365 0.0017957 0.0062269 0.0032478 0.0018948 0.0024148 0.0019145 0.0052773 0.0013067 0.0035154 0.0043906
0.0000000 0.0002309 0.0007673 0.0008944 0.0004015 0.0014650 0.0009659 0.0025314 0.0047128 0.0003278 0.0022834 0.0014072 0.0028513 0.0031540 0.0012009 0.0013999 0.0013253 0.0022893 0.0008305 0.0020744 0.0021488
0.0000000 0.0001084 0.0001978 0.0002621 0.0000717 0.0002691 0.0003103 0.0004418 0.0002456 0.0009903 0.0001334 0.0001483 0.0004531 0.0003114 0.0002879 0.0001481 0.0001292 0.0004009 0.0001769 0.0002131 0.0002064
0.0000000 0.0002079 0.0006073 0.0006482 0.0003338 0.0008596 0.0006085 0.0011562 0.0026223 0.0002134 0.0204036 0.0008113 0.0019441 0.0024196 0.0012292 0.0008600 0.0014684 0.0017746 0.0005700 0.0012795 0.0016116
0.0000000 0.0002305 0.0005193 0.0004860 0.0002152 0.0013006 0.0007111 0.0011688 0.0013559 0.0001917 0.0009221 0.0078502 0.0014828 0.0016762 0.0008587 0.0008268 0.0014422 0.0019068 0.0004395 0.0013520 0.0019241
0.0000000 0.0005146 0.0016834 0.0020328 0.0010805 0.0034432 0.0036094 0.0062975 0.0034171 0.0005017 0.0025909 0.0022789 0.0198108 0.0080746 0.0037234 0.0043128 0.0035584 0.0074021 0.0021705 0.0053895 0.0076543
0.0000000 0.0003842 0.0010027 0.0013623 0.0008040 0.0019445 0.0018335 0.0030655 0.0034781 0.0003494 0.0030031 0.0022765 0.0072993 0.0112461 0.0032183 0.0027394 0.0037531 0.0049635 0.0016657 0.0036977 0.0047570
0.0000000 0.0003285 0.0008835 0.0011101 0.0004058 0.0012248 0.0010954 0.0018799 0.0014641 0.0003096 0.0016970 0.0012297 0.0039411 0.0038456 0.0063075 0.0018845 0.0040197 0.0030406 0.0011482 0.0024002 0.0032929
0.0000000 0.0003595 0.0011556 0.0014834 0.0010423 0.0024559 0.0017617 0.0032329 0.0020908 0.0002334 0.0014487 0.0014508 0.0049005 0.0036692 0.0022121 0.0062121 0.0024447 0.0056532 0.0016420 0.0041447 0.0058062
0.0000000 0.0002788 0.0006847 0.0012062 0.0003391 0.0012757 0.0010343 0.0018593 0.0020158 0.0002477 0.0021617 0.0019702 0.0035514 0.0039213 0.0038520 0.0019495 0.0127095 0.0057797 0.0010454 0.0023950 0.0031434
0.0000000 0.0006593 0.0017068 0.0019949 0.0012246 0.0032908 0.0030117 0.0061709 0.0035908 0.0005330 0.0028341 0.0032613 0.0086568 0.0059669 0.0035739 0.0054411 0.0068506 0.0229001 0.0022331 0.0063978 0.0088721
0.0000000 0.0002675 0.0009175 0.0014799 0.0004407 0.0013479 0.0012825 0.0017593 0.0010738 0.0002048 0.0009327 0.0007137 0.0025147 0.0018828 0.0014206 0.0016103 0.0010336 0.0022753 0.0039047 0.0023540 0.0022282
0.0000000 0.0009039 0.0021686 0.0025970 0.0011369 0.0041179 0.0032593 0.0053494 0.0035992 0.0005007 0.0024525 0.0025917 0.0072483 0.0052527 0.0029530 0.0046488 0.0034649 0.0071520 0.0029154 0.0197213 0.0120554
0.0000000 0.0007101 0.0023243 0.0026727 0.0013746 0.0042305 0.0039495 0.0070728 0.0039769 0.0005825 0.0031001 0.0033645 0.0101655 0.0065668 0.0044748 0.0066094 0.0045165 0.0097208 0.0029240 0.0121996 0.0225385

Matrix 6 :
0.0000000 0.0000000 0.0000000 0.0000000 0.0000000 0.0000000 0.0000000 0.0000000 0.0000000 0.0000000 0.0000000 0.0000000 0.0000000 0.0000000 0.0000000 0.0000000 0.0000000 0.0000000 0.0000000 0.0000000 0.0000000
0.0000000 0.0015503 0.0003875 0.0005311 0.0001273 0.0003465 0.0001612 0.0001691 0.0002488 0.0000419 0.0003002 0.0002365 0.0001986 0.0003324 0.0001862 0.0001868 0.0002341 0.0003253 0.0002141 0.0002754 0.0001972
0.0000000 0.0003609 0.0032578 0.0014880 0.0005023 0.0015278 0.0006757 0.0007837 0.0008455 0.0001220 0.0008673 0.0006169 0.0006810 0.0007034 0.0006307 0.0004675 0.0005284 0.0007324 0.0004937 0.0006721 0.0007307
0.0000000 0.0005385 0.0016565 0.0049432 0.0003634 0.0012599 0.0006527 0.0008442 0.0010926 0.0001622 0.0011602 0.0008317 0.0008726 0.0010987 0.0010222 0.0006725 0.0011318 0.0010150 0.0008411 0.0008939 0.0010228
0.0000000 0.0001107 0.0005110 0.0003000 0.0013704 0.0012324 0.0005991 0.0006228 0.0007500 0.0000803 0.0006586 0.0005534 0.0006642 0.0006886 0.0005126 0.0005507 0.0006267 0.0006439 0.0002866 0.0006068 0.0008226
0.0000000 0.0002901 0.0014182 0.0010952 0.0013007 0.0072737 0.0023046 0.0022002 0.0021145 0.0002489 0.0016719 0.0019697 0.0019296 0.0017735 0.0012913 0.0014397 0.0014426 0.0018904 0.0008059 0.0016912 0.0020998
0.0000000 0.0001291 0.0006256 0.0005300 0.0005187 0.0021494 0.0026158 0.0020938 0.0009504 0.0001219 0.0007178 0.0009686 0.0010908 0.0007896 0.0006587 0.0005771 0.0007337 0.0010321 0.0003838 0.0008354 0.0009173
0.0000000 0.0001931 0.0007026 0.0007006 0.0005612 0.0020559 0.0021114 0.0039023 0.0018943 0.0001636 0.0011923 0.0017175 0.0018444 0.0013849 0.0009012 0.0009143 0.0013462 0.0017707 0.0005090 0.0012859 0.0015930
0.0000000 0.0002686 0.0007782 0.0008976 0.0008297 0.0019919 0.0009812 0.0018946 0.0075118 0.0003997 0.0046354 0.0039380 0.0029265 0.0041846 0.0025891 0.0021055 0.0036676 0.0042204 0.0009134 0.0026196 0.0037511
0.0000000 0.0000329 0.0001131 0.0001174 0.0000812 0.0002625 0.0001042 0.0001667 0.0003743 0.0019109 0.0003772 0.0002256 0.0002959 0.0003401 0.0002120 0.0001391 0.0003248 0.0001684 0.0001074 0.0001699 0.0002541
0.0000000 0.0004452 0.0012858 0.0014647 0.0008121 0.0027223 0.0011217 0.0019861 0.0056999 0.0005533 0.0626519 0.0042476 0.0037773 0.0063498 0.0074601 0.0031966 0.0077990 0.0058498 0.0020787 0.0038028 0.0057604
0.0000000 0.0003607 0.0008821 0.0009791 0.0006117 0.0023877 0.0013704 0.0021525 0.0043168 0.0003155 0.0043014 0.0264828 0.0033956 0.0045859 0.0026452 0.0022208 0.0047373 0.0051413 0.0010686 0.0030272 0.0046794
0.0000000 0.0002850 0.0008504 0.0009699 0.0007395 0.0023535 0.0012680 0.0022050 0.0032775 0.0003568 0.0035311 0.0031853 0.0118211 0.0068617 0.0038729 0.0021476 0.0045562 0.0038899 0.0010506 0.0027722 0.0041047
0.0000000 0.0004174 0.0009161 0.0012086 0.0007649 0.0022514 0.0011684 0.0016629 0.0047928 0.0004421 0.0061546 0.0045650 0.0069267 0.0135883 0.0050849 0.0028003 0.0067062 0.0054077 0.0015305 0.0035114 0.0047387
0.0000000 0.0002615 0.0008679 0.0013151 0.0006187 0.0019720 0.0010089 0.0015462 0.0034538 0.0003565 0.0084526 0.0029442 0.0042331 0.0054662 0.0137614 0.0029838 0.0086664 0.0048085 0.0019804 0.0030746 0.0050509
0.0000000 0.0002589 0.0005874 0.0007705 0.0006040 0.0017655 0.0007581 0.0012543 0.0025067 0.0002263 0.0031408 0.0021635 0.0022651 0.0028909 0.0025475 0.0044049 0.0031156 0.0041848 0.0011817 0.0026867 0.0040128
0.0000000 0.0003230 0.0009465 0.0014344 0.0008005 0.0023118 0.0011570 0.0019200 0.0044631 0.0004903 0.0085657 0.0052083 0.0050144 0.0073438 0.0085822 0.0033538 0.0288676 0.0096509 0.0018732 0.0034977 0.0056755
0.0000000 0.0004397 0.0010725 0.0012553 0.0007430 0.0024822 0.0013155 0.0023575 0.0049061 0.0002840 0.0057967 0.0049596 0.0040115 0.0054806 0.0043477 0.0040793 0.0090174 0.0155990 0.0016676 0.0039487 0.0066170
0.0000000 0.0002225 0.0006128 0.0008858 0.0003167 0.0011828 0.0005095 0.0007155 0.0011579 0.0001705 0.0020976 0.0011038 0.0011779 0.0017262 0.0017782 0.0011505 0.0018281 0.0016621 0.0045294 0.0014549 0.0017268
0.0000000 0.0003429 0.0008321 0.0011752 0.0008156 0.0022737 0.0012540 0.0017423 0.0032178 0.0003220 0.0039748 0.0030519 0.0028810 0.0038066 0.0030246 0.0027266 0.0032515 0.0037867 0.0015194 0.0123810 0.0066811
0.0000000 0.0003408 0.0010207 0.0013677 0.0010216 0.0031228 0.0015079 0.0023218 0.0048227 0.0004010 0.0060007 0.0050111 0.0045720 0.0052308 0.0050746 0.0042493 0.0055870 0.0067650 0.0017471 0.0071626 0.0166051

Matrix 7 :
0.0000000 0.0000000 0.0000000 0.0000000 0.0000000 0.0000000 0.0000000 0.0000000 0.0000000 0.0000000 0.0000000 0.0000000 0.0000000 0.0000000 0.0000000 0.0000000 0.0000000 0.0000000 0.0000000 0.0000000 0.0000000
0.0000000 0.0007719 0.0002744 0.0005449 0.0002093 0.0008345 0.0004014 0.0004249 0.0007670 0.0001504 0.0009559 0.0006749 0.0004210 0.0007395 0.0006305 0.0006605 0.0008216 0.0007032 0.0002690 0.0006491 0.0005915
0.0000000 0.0002744 0.0020603 0.0011582 0.0007143 0.0031406 0.0014521 0.0019957 0.0023910 0.0003321 0.0024847 0.0025676 0.0016379 0.0020374 0.0014230 0.0012499 0.0021576 0.0023139 0.0006605 0.0015775 0.0021231
0.0000000 0.0005449 0.0011582 0.0016160 0.0005522 0.0021508 0.0012100 0.0016039 0.0018473 0.0003216 0.0024377 0.0017647 0.0014040 0.0024088 0.0013897 0.0013301 0.0020649 0.0023563 0.0008955 0.0012298 0.0018522
0.0000000 0.0002093 0.0007143 0.0005522 0.0008938 0.0018489 0.0008774 0.0011835 0.0014507 0.0002368 0.0017456 0.0017174 0.0009174 0.0014044 0.0009122 0.0006825 0.0010378 0.0012843 0.0004628 0.0010120 0.0012574
0.0000000 0.0008345 0.0031406 0.0021508 0.0018489 0.0073911 0.0028368 0.0037469 0.0055223 0.0006452 0.0051084 0.0051530 0.0037740 0.0048477 0.0028835 0.0026707 0.0045055 0.0050490 0.0015410 0.0031900 0.0048353
0.0000000 0.0004014 0.0014521 0.0012100 0.0008774 0.0028368 0.0026848 0.0022130 0.0025987 0.0002484 0.0026791 0.0026043 0.0020500 0.0021976 0.0017337 0.0015123 0.0026423 0.0030316 0.0008103 0.0019148 0.0026834
0.0000000 0.0004249 0.0019957 0.0016039 0.0011835 0.0037469 0.0022130 0.0042744 0.0040044 0.0004464 0.0038482 0.0035975 0.0031953 0.0033976 0.0021970 0.0019724 0.0039330 0.0037968 0.0010549 0.0024800 0.0030248
0.0000000 0.0007670 0.0023910 0.0018473 0.0014507 0.0055223 0.0025987 0.0040044 0.0069491 0.0007997 0.0066421 0.0049345 0.0040027 0.0053931 0.0036680 0.0026331 0.0048883 0.0053528 0.0013116 0.0038135 0.0050877
0.0000000 0.0001504 0.0003321 0.0003216 0.0002368 0.0006452 0.0002484 0.0004464 0.0007997 0.0008659 0.0008565 0.0007516 0.0005477 0.0009632 0.0004174 0.0003078 0.0006041 0.0006526 0.0001397 0.0004683 0.0006520
0.0000000 0.0009559 0.0024847 0.0024377 0.0017456 0.0051084 0.0026791 0.0038482 0.0066421 0.0008565 0.0148368 0.0061658 0.0041759 0.0068061 0.0041557 0.0030981 0.0057554 0.0057904 0.0021765 0.0042355 0.0051505
0.0000000 0.0006749 0.0025676 0.0017647 0.0017174 0.0051530 0.0026043 0.0035975 0.0049345 0.0007516 0.0061658 0.0088758 0.0038796 0.0047316 0.0034049 0.0024227 0.0043592 0.0051012 0.0016095 0.0031303 0.0042477
0.0000000 0.0004210 0.0016379 0.0014040 0.0009174 0.0037740 0.0020500 0.0031953 0.0040027 0.0005477 0.0041759 0.0038796 0.0048732 0.0041282 0.0027169 0.0022424 0.0037849 0.0039825 0.0011461 0.0025843 0.0034558
0.0000000 0.0007395 0.0020374 0.0024088 0.0014044 0.0048477 0.0021976 0.0033976 0.0053931 0.0009632 0.0068061 0.0047316 0.0041282 0.0063340 0.0032624 0.0027345 0.0051031 0.0051413 0.0016671 0.0029017 0.0045336
0.0000000 0.0006305 0.0014230 0.0013897 0.0009122 0.0028835 0.0017337 0.0021970 0.0036680 0.0004174 0.0041557 0.0034049 0.0027169 0.0032624 0.0032116 0.0016776 0.0034053 0.0035977 0.0009988 0.0024426 0.0034253
0.0000000 0.0006605 0.0012499 0.0013301 0.0006825 0.0026707 0.0015123 0.0019724 0.0026331 0.0003078 0.0030981 0.0024227 0.0022424 0.0027345 0.0016776 0.0018823 0.0027471 0.0030926 0.0010045 0.0021172 0.0026854
0.0000000 0.0008216 0.0021576 0.0020649 0.0010378 0.0045055 0.0026423 0.0039330 0.0048883 0.0006041 0.0057554 0.0043592 0.0037849 0.0051031 0.0034053 0.0027471 0.0060771 0.0054875 0.0014507 0.0032549 0.0048113
0.0000000 0.0007032 0.0023139 0.0023563 0.0012843 0.0050490 0.0030316 0.0037968 0.0053528 0.0006526 0.0057904 0.0051012 0.0039825 0.0051413 0.0035977 0.0030926 0.0054875 0.0079305 0.0016728 0.0036368 0.0058169
0.0000000 0.0002690 0.0006605 0.0008955 0.0004628 0.0015410 0.0008103 0.0010549 0.0013116 0.0001397 0.0021765 0.0016095 0.0011461 0.0016671 0.0009988 0.0010045 0.0014507 0.0016728 0.0012919 0.0013385 0.0013812
0.0000000 0.0006491 0.0015775 0.0012298 0.0010120 0.0031900 0.0019148 0.0024800 0.0038135 0.0004683 0.0042355 0.0031303 0.0025843 0.0029017 0.0024426 0.0021172 0.0032549 0.0036368 0.0013385 0.0038619 0.0041001
0.0000000 0.0005915 0.0021231 0.0018522 0.0012574 0.0048353 0.0026834 0.0030248 0.0050877 0.0006520 0.0051505 0.0042477 0.0034558 0.0045336 0.0034253 0.0026854 0.0048113 0.0058169 0.0013812 0.0041001 0.0053521


