ss 3
solv 1
unaligned 1

Transition matrix:
0.0000000 0.0001478 0.0001478 0.0380770 0.0239935 0.4687431 0.4687431 0.0001478
0.0000000 0.8860387 0.0008963 0.0638411 0.0215960 0.0195182 0.0081055 0.0000042
0.0000000 0.0050092 0.7937115 0.1570416 0.0190139 0.0155044 0.0097148 0.0000046
0.0000000 0.0655878 0.1512479 0.6255436 0.0573933 0.0413129 0.0584684 0.0004461
0.0000000 0.0323890 0.0270630 0.0874935 0.7434336 0.0545975 0.0545975 0.0004258
0.0000000 0.0090603 0.0090175 0.0273389 0.0403018 0.9093911 0.0000031 0.0048872
0.0000000 0.0050608 0.0049593 0.0353971 0.0403023 0.0000031 0.9094015 0.0048759
0.0000000 0.1428571 0.1428571 0.1428571 0.1428571 0.1428571 0.1428571 0.1428571

Emission vector for indel state 1:
0.0000000
0.0148636
0.0372999
0.0355253
0.0203471
0.0808902
0.0447983
0.0553679
0.0758452
0.0107846
0.0770572
0.0567770
0.0550902
0.0646873
0.0490557
0.0399354
0.0661735
0.0754515
0.0223709
0.0524871
0.0651922

Emission vector for indel state 2:
0.0000000
0.0148636
0.0372999
0.0355253
0.0203471
0.0808902
0.0447983
0.0553679
0.0758452
0.0107846
0.0770572
0.0567770
0.0550902
0.0646873
0.0490557
0.0399354
0.0661735
0.0754515
0.0223709
0.0524871
0.0651922

Background frequencies:
0.0000000
0.0145211
0.0416972
0.0365313
0.0220610
0.0912118
0.0573394
0.0710501
0.0798825
0.0128565
0.0724445
0.0458587
0.0558434
0.0610202
0.0438345
0.0376260
0.0585862
0.0659619
0.0232451
0.0499801
0.0584485

Emission matrices:
Matrix 1 :
0.0000000 0.0000000 0.0000000 0.0000000 0.0000000 0.0000000 0.0000000 0.0000000 0.0000000 0.0000000 0.0000000 0.0000000 0.0000000 0.0000000 0.0000000 0.0000000 0.0000000 0.0000000 0.0000000 0.0000000 0.0000000
0.0000000 0.0005313 0.0009336 0.0008844 0.0004659 0.0018636 0.0011158 0.0010285 0.0015702 0.0001692 0.0005495 0.0002899 0.0006165 0.0005803 0.0004429 0.0006092 0.0006020 0.0009148 0.0003189 0.0007672 0.0006887
0.0000000 0.0008859 0.0028103 0.0021302 0.0013767 0.0078112 0.0034208 0.0033629 0.0041718 0.0004946 0.0014469 0.0007059 0.0016377 0.0016266 0.0011006 0.0012572 0.0013513 0.0019258 0.0008159 0.0015654 0.0014783
0.0000000 0.0008752 0.0021523 0.0016427 0.0010828 0.0048630 0.0022388 0.0026148 0.0038695 0.0004496 0.0014082 0.0007073 0.0015181 0.0015942 0.0011943 0.0012698 0.0014435 0.0022770 0.0008593 0.0018070 0.0018352
0.0000000 0.0004813 0.0014144 0.0011341 0.0008936 0.0048422 0.0022954 0.0024306 0.0032138 0.0004175 0.0010472 0.0004832 0.0013394 0.0011760 0.0007783 0.0009901 0.0009426 0.0015436 0.0004770 0.0013623 0.0012223
0.0000000 0.0018478 0.0080420 0.0049512 0.0048077 0.0206810 0.0123379 0.0115425 0.0139847 0.0018242 0.0041256 0.0021808 0.0052201 0.0046930 0.0028618 0.0040226 0.0039201 0.0058421 0.0021487 0.0052280 0.0052387
0.0000000 0.0011281 0.0036301 0.0024617 0.0022854 0.0124664 0.0050467 0.0065300 0.0071084 0.0009328 0.0019829 0.0011157 0.0024495 0.0024943 0.0015400 0.0018456 0.0017355 0.0027370 0.0011451 0.0025536 0.0025470
0.0000000 0.0010637 0.0035406 0.0027731 0.0023947 0.0116450 0.0064344 0.0046131 0.0080998 0.0010424 0.0024130 0.0012301 0.0029564 0.0029277 0.0016691 0.0021418 0.0022079 0.0034342 0.0012056 0.0027590 0.0029384
0.0000000 0.0016124 0.0044439 0.0039946 0.0032606 0.0143371 0.0071432 0.0082373 0.0142486 0.0017390 0.0059187 0.0025125 0.0053322 0.0061604 0.0038566 0.0049398 0.0053158 0.0082885 0.0021648 0.0061329 0.0067698
0.0000000 0.0001670 0.0005049 0.0004159 0.0003748 0.0017824 0.0008809 0.0009656 0.0016230 0.0006831 0.0004476 0.0001674 0.0005091 0.0005622 0.0003722 0.0004132 0.0002863 0.0005706 0.0002385 0.0005243 0.0004186
0.0000000 0.0004248 0.0011297 0.0010163 0.0008032 0.0030121 0.0015284 0.0018702 0.0046576 0.0003512 0.0037121 0.0009967 0.0016869 0.0021140 0.0012894 0.0012773 0.0016937 0.0025374 0.0007000 0.0017121 0.0017405
0.0000000 0.0002125 0.0005646 0.0005412 0.0003629 0.0015442 0.0008702 0.0009745 0.0018563 0.0001432 0.0010822 0.0009899 0.0008375 0.0011036 0.0007097 0.0008383 0.0010275 0.0017107 0.0004090 0.0010317 0.0011516
0.0000000 0.0005648 0.0015767 0.0014077 0.0012057 0.0048896 0.0022078 0.0027420 0.0048960 0.0005067 0.0020198 0.0009853 0.0021726 0.0027746 0.0015851 0.0020995 0.0023188 0.0033854 0.0009309 0.0025847 0.0027841
0.0000000 0.0004834 0.0015141 0.0014328 0.0009846 0.0039477 0.0020734 0.0025251 0.0054538 0.0005382 0.0024650 0.0012954 0.0026304 0.0023996 0.0019159 0.0023664 0.0027237 0.0039665 0.0010090 0.0031856 0.0032301
0.0000000 0.0003436 0.0009118 0.0009677 0.0006538 0.0023259 0.0012609 0.0013615 0.0032199 0.0003281 0.0014055 0.0008124 0.0014916 0.0018980 0.0014173 0.0018173 0.0020740 0.0031332 0.0008375 0.0023015 0.0025281
0.0000000 0.0005896 0.0013060 0.0013312 0.0009816 0.0038408 0.0017850 0.0021176 0.0048429 0.0004388 0.0017683 0.0011167 0.0022448 0.0027538 0.0020978 0.0023907 0.0031404 0.0052331 0.0010672 0.0035132 0.0040263
0.0000000 0.0004847 0.0012227 0.0011589 0.0007982 0.0032317 0.0013886 0.0018840 0.0045901 0.0002742 0.0019894 0.0012525 0.0023016 0.0028656 0.0022423 0.0028655 0.0034805 0.0061741 0.0010227 0.0032646 0.0041760
0.0000000 0.0009345 0.0020313 0.0022745 0.0015628 0.0059122 0.0027544 0.0035299 0.0082977 0.0006176 0.0035048 0.0022916 0.0037448 0.0047036 0.0036583 0.0051701 0.0068268 0.0090419 0.0018731 0.0062817 0.0074742
0.0000000 0.0002780 0.0006982 0.0007771 0.0004294 0.0018601 0.0010484 0.0010604 0.0019611 0.0002476 0.0008614 0.0005821 0.0009597 0.0010247 0.0008423 0.0010181 0.0010646 0.0016823 0.0012065 0.0013355 0.0014753
0.0000000 0.0007604 0.0016948 0.0018155 0.0013058 0.0051976 0.0024944 0.0027263 0.0060402 0.0005659 0.0023904 0.0015061 0.0027923 0.0036430 0.0025735 0.0036429 0.0036284 0.0061852 0.0014385 0.0041224 0.0057168
0.0000000 0.0006416 0.0015552 0.0018117 0.0011605 0.0050725 0.0023873 0.0028673 0.0067448 0.0004458 0.0025031 0.0016288 0.0029484 0.0036743 0.0029117 0.0040804 0.0045494 0.0072296 0.0016078 0.0055670 0.0055892

Matrix 2 :
0.0000000 0.0000000 0.0000000 0.0000000 0.0000000 0.0000000 0.0000000 0.0000000 0.0000000 0.0000000 0.0000000 0.0000000 0.0000000 0.0000000 0.0000000 0.0000000 0.0000000 0.0000000 0.0000000 0.0000000 0.0000000
0.0000000 0.0012755 0.0013484 0.0011490 0.0004231 0.0018987 0.0015638 0.0019800 0.0011211 0.0002880 0.0008930 0.0004717 0.0010323 0.0008355 0.0004421 0.0004054 0.0004958 0.0006987 0.0004175 0.0006703 0.0007126
0.0000000 0.0013989 0.0042906 0.0036365 0.0017410 0.0079326 0.0075369 0.0087056 0.0039568 0.0010808 0.0028323 0.0013878 0.0032851 0.0025947 0.0013037 0.0012937 0.0013980 0.0017095 0.0013665 0.0016498 0.0016123
0.0000000 0.0012249 0.0037350 0.0031976 0.0010688 0.0052216 0.0043787 0.0060460 0.0030246 0.0009457 0.0023539 0.0011308 0.0030809 0.0025268 0.0013311 0.0013162 0.0014137 0.0018985 0.0013720 0.0019730 0.0020848
0.0000000 0.0004412 0.0016550 0.0010416 0.0005504 0.0029859 0.0025868 0.0034813 0.0014847 0.0004165 0.0012562 0.0005704 0.0012855 0.0011888 0.0006502 0.0004925 0.0006476 0.0008244 0.0004920 0.0008425 0.0007744
0.0000000 0.0019782 0.0077807 0.0051440 0.0031280 0.0136937 0.0150757 0.0181649 0.0069527 0.0019495 0.0045202 0.0025997 0.0054634 0.0041289 0.0022290 0.0021508 0.0025161 0.0029490 0.0018622 0.0030034 0.0029871
0.0000000 0.0016629 0.0078063 0.0045322 0.0027355 0.0154909 0.0120304 0.0192326 0.0067347 0.0018630 0.0039664 0.0022877 0.0051604 0.0038617 0.0020224 0.0018292 0.0021067 0.0026464 0.0017075 0.0026842 0.0026345
0.0000000 0.0020610 0.0091221 0.0062598 0.0036649 0.0189841 0.0193450 0.0197778 0.0095258 0.0027360 0.0060695 0.0031220 0.0078812 0.0055465 0.0029390 0.0027810 0.0030098 0.0040636 0.0026091 0.0040094 0.0042520
0.0000000 0.0010753 0.0036386 0.0027088 0.0013666 0.0065916 0.0061096 0.0087648 0.0044125 0.0012954 0.0047351 0.0019133 0.0038594 0.0035042 0.0017153 0.0014922 0.0018858 0.0023285 0.0012793 0.0022076 0.0021533
0.0000000 0.0003072 0.0010521 0.0009117 0.0004300 0.0019335 0.0017634 0.0025710 0.0013491 0.0015045 0.0011016 0.0004834 0.0010884 0.0008926 0.0005051 0.0004271 0.0004870 0.0005780 0.0003652 0.0005883 0.0004989
0.0000000 0.0006885 0.0022285 0.0018235 0.0009626 0.0035849 0.0029604 0.0045750 0.0043436 0.0008462 0.0067505 0.0013279 0.0029600 0.0029816 0.0016363 0.0012397 0.0017474 0.0019012 0.0010413 0.0016647 0.0018268
0.0000000 0.0002480 0.0007292 0.0005648 0.0002938 0.0015048 0.0011124 0.0015927 0.0012317 0.0002359 0.0009926 0.0015222 0.0011261 0.0010111 0.0007574 0.0005029 0.0008179 0.0008884 0.0003592 0.0007153 0.0008454
0.0000000 0.0009887 0.0031155 0.0027973 0.0012614 0.0050936 0.0046768 0.0071475 0.0040281 0.0011063 0.0035994 0.0019089 0.0050116 0.0045963 0.0025384 0.0023441 0.0028209 0.0037815 0.0017801 0.0034456 0.0035853
0.0000000 0.0007513 0.0022665 0.0022378 0.0010932 0.0038090 0.0032685 0.0046047 0.0033977 0.0008562 0.0033577 0.0016091 0.0043467 0.0033904 0.0022544 0.0018793 0.0024319 0.0030114 0.0015040 0.0024726 0.0027661
0.0000000 0.0003440 0.0009648 0.0010914 0.0005132 0.0017493 0.0014835 0.0021422 0.0015200 0.0004310 0.0016296 0.0008698 0.0021774 0.0019577 0.0017276 0.0009879 0.0014938 0.0016833 0.0008389 0.0014529 0.0013659
0.0000000 0.0004181 0.0011584 0.0011970 0.0004831 0.0020280 0.0016934 0.0024868 0.0015556 0.0004055 0.0014913 0.0008762 0.0024017 0.0020251 0.0013094 0.0009911 0.0012488 0.0019441 0.0008123 0.0017189 0.0019321
0.0000000 0.0003784 0.0010257 0.0011312 0.0004953 0.0018645 0.0013379 0.0019612 0.0014872 0.0003529 0.0017058 0.0010347 0.0022310 0.0021649 0.0015725 0.0009729 0.0034738 0.0022467 0.0009273 0.0018257 0.0015452
0.0000000 0.0006556 0.0015172 0.0017917 0.0007291 0.0025694 0.0022930 0.0034996 0.0023882 0.0005257 0.0022828 0.0014484 0.0036576 0.0030832 0.0018220 0.0019078 0.0024635 0.0030596 0.0012321 0.0027161 0.0030501
0.0000000 0.0004488 0.0013417 0.0012705 0.0005113 0.0017474 0.0015096 0.0023300 0.0012926 0.0003500 0.0012492 0.0006383 0.0017801 0.0015562 0.0009284 0.0008028 0.0010871 0.0012801 0.0014825 0.0012442 0.0012810
0.0000000 0.0006848 0.0015210 0.0018756 0.0008002 0.0029203 0.0024900 0.0036756 0.0024378 0.0005800 0.0021682 0.0013841 0.0034932 0.0025836 0.0017414 0.0017418 0.0022385 0.0029640 0.0012037 0.0027312 0.0033160
0.0000000 0.0006468 0.0015070 0.0018527 0.0007122 0.0026436 0.0023215 0.0037113 0.0022970 0.0005017 0.0022733 0.0014816 0.0035102 0.0028960 0.0016988 0.0019260 0.0020455 0.0031703 0.0012291 0.0031863 0.0028635

Matrix 3 :
0.0000000 0.0000000 0.0000000 0.0000000 0.0000000 0.0000000 0.0000000 0.0000000 0.0000000 0.0000000 0.0000000 0.0000000 0.0000000 0.0000000 0.0000000 0.0000000 0.0000000 0.0000000 0.0000000 0.0000000 0.0000000
0.0000000 0.0004462 0.0006372 0.0005789 0.0002830 0.0008974 0.0006294 0.0006969 0.0007454 0.0001493 0.0007982 0.0005057 0.0006029 0.0005809 0.0004765 0.0003896 0.0005985 0.0006030 0.0003031 0.0004862 0.0004476
0.0000000 0.0006384 0.0018881 0.0015076 0.0008349 0.0036814 0.0023658 0.0026831 0.0025681 0.0004596 0.0025412 0.0016531 0.0016900 0.0017809 0.0013493 0.0009301 0.0015631 0.0013569 0.0007660 0.0012917 0.0014477
0.0000000 0.0005170 0.0013923 0.0012373 0.0006305 0.0024557 0.0016618 0.0019205 0.0021532 0.0004013 0.0024765 0.0015424 0.0014711 0.0017361 0.0014309 0.0009856 0.0015891 0.0015335 0.0009137 0.0012711 0.0012936
0.0000000 0.0002502 0.0008771 0.0006035 0.0004776 0.0019626 0.0011258 0.0013815 0.0012611 0.0002467 0.0015313 0.0009527 0.0009195 0.0010286 0.0007350 0.0005397 0.0009749 0.0008449 0.0004890 0.0007539 0.0009564
0.0000000 0.0008387 0.0035878 0.0024384 0.0018642 0.0076044 0.0051779 0.0057719 0.0050208 0.0010346 0.0044125 0.0032353 0.0034866 0.0033424 0.0024582 0.0018701 0.0028669 0.0028979 0.0013394 0.0026228 0.0029333
0.0000000 0.0005235 0.0018978 0.0012889 0.0009960 0.0046555 0.0022353 0.0036433 0.0025858 0.0005041 0.0022554 0.0017741 0.0018254 0.0018837 0.0011801 0.0008819 0.0015261 0.0013791 0.0006748 0.0015320 0.0014349
0.0000000 0.0005846 0.0021090 0.0015570 0.0012455 0.0048960 0.0036356 0.0033351 0.0038322 0.0008311 0.0032914 0.0026349 0.0027903 0.0025084 0.0017332 0.0011808 0.0020575 0.0020738 0.0009591 0.0019229 0.0020905
0.0000000 0.0007451 0.0025885 0.0023221 0.0013243 0.0049993 0.0031384 0.0044074 0.0050712 0.0010799 0.0065728 0.0039866 0.0040197 0.0048336 0.0032542 0.0023093 0.0042668 0.0038944 0.0015311 0.0030488 0.0037301
0.0000000 0.0001335 0.0004760 0.0004679 0.0002776 0.0010925 0.0006511 0.0010651 0.0011484 0.0008785 0.0010649 0.0005508 0.0008335 0.0009839 0.0005666 0.0004236 0.0006192 0.0005230 0.0003170 0.0005217 0.0005197
0.0000000 0.0011185 0.0034345 0.0033774 0.0020577 0.0064341 0.0036679 0.0052542 0.0082341 0.0014040 0.0243837 0.0062377 0.0060854 0.0078919 0.0068764 0.0038645 0.0075808 0.0065084 0.0027341 0.0051775 0.0067341
0.0000000 0.0007956 0.0024176 0.0022453 0.0013362 0.0049183 0.0031316 0.0043358 0.0053007 0.0008084 0.0064655 0.0067963 0.0042044 0.0052960 0.0036599 0.0025961 0.0049931 0.0044123 0.0018572 0.0037061 0.0047389
0.0000000 0.0006969 0.0019121 0.0018512 0.0010792 0.0041735 0.0025282 0.0037004 0.0043082 0.0008191 0.0051425 0.0033164 0.0037558 0.0053422 0.0034963 0.0022301 0.0041911 0.0034077 0.0014403 0.0028344 0.0031659
0.0000000 0.0007595 0.0022050 0.0021735 0.0013148 0.0044076 0.0028734 0.0038073 0.0056583 0.0010427 0.0071781 0.0045367 0.0057249 0.0060022 0.0046918 0.0029251 0.0059537 0.0047312 0.0017724 0.0035891 0.0043846
0.0000000 0.0006707 0.0018618 0.0018888 0.0009916 0.0034590 0.0019733 0.0027982 0.0040907 0.0006816 0.0067637 0.0034489 0.0039318 0.0049893 0.0040963 0.0024394 0.0054786 0.0037959 0.0015748 0.0031115 0.0038087
0.0000000 0.0003976 0.0010073 0.0010348 0.0005574 0.0021720 0.0010719 0.0014825 0.0023490 0.0004177 0.0031245 0.0019594 0.0020268 0.0023907 0.0018493 0.0012709 0.0027691 0.0023506 0.0009439 0.0019066 0.0024788
0.0000000 0.0008292 0.0020453 0.0021466 0.0012662 0.0041857 0.0026051 0.0033761 0.0053858 0.0007577 0.0073167 0.0045584 0.0047638 0.0060595 0.0052321 0.0033105 0.0101337 0.0062415 0.0020449 0.0038646 0.0050240
0.0000000 0.0006232 0.0014298 0.0016365 0.0009149 0.0031831 0.0016938 0.0025064 0.0038288 0.0005240 0.0051574 0.0032898 0.0031558 0.0039079 0.0031272 0.0024493 0.0053684 0.0035834 0.0013158 0.0030666 0.0038588
0.0000000 0.0003156 0.0009100 0.0010934 0.0005196 0.0017434 0.0009603 0.0013705 0.0017274 0.0003220 0.0023729 0.0014170 0.0014106 0.0017072 0.0014856 0.0010032 0.0018517 0.0014663 0.0020124 0.0012415 0.0014237
0.0000000 0.0004795 0.0012803 0.0013540 0.0008515 0.0027322 0.0017754 0.0022705 0.0029272 0.0004868 0.0040083 0.0025904 0.0025769 0.0030158 0.0025611 0.0017521 0.0031032 0.0029323 0.0011739 0.0026902 0.0031621
0.0000000 0.0005578 0.0014678 0.0015360 0.0010783 0.0034269 0.0018931 0.0026722 0.0036204 0.0004892 0.0055321 0.0036509 0.0030680 0.0038070 0.0031022 0.0024291 0.0041705 0.0039965 0.0013367 0.0034377 0.0039030

Matrix 4 :
0.0000000 0.0000000 0.0000000 0.0000000 0.0000000 0.0000000 0.0000000 0.0000000 0.0000000 0.0000000 0.0000000 0.0000000 0.0000000 0.0000000 0.0000000 0.0000000 0.0000000 0.0000000 0.0000000 0.0000000 0.0000000
0.0000000 0.0002369 0.0004865 0.0004796 0.0002908 0.0010898 0.0006090 0.0007774 0.0010986 0.0001811 0.0012409 0.0008415 0.0007724 0.0009325 0.0007708 0.0005579 0.0009711 0.0009521 0.0003060 0.0006332 0.0008131
0.0000000 0.0004865 0.0015690 0.0012850 0.0008661 0.0031344 0.0018563 0.0021305 0.0029900 0.0004190 0.0032737 0.0023310 0.0021241 0.0025492 0.0018512 0.0014712 0.0025235 0.0026626 0.0008921 0.0019412 0.0021954
0.0000000 0.0004796 0.0012850 0.0012050 0.0007307 0.0026396 0.0015090 0.0018386 0.0026672 0.0003531 0.0028560 0.0019818 0.0019840 0.0022037 0.0017735 0.0013684 0.0024656 0.0024414 0.0008020 0.0016941 0.0021226
0.0000000 0.0002908 0.0008661 0.0007307 0.0004854 0.0015823 0.0009022 0.0012042 0.0016008 0.0002204 0.0015732 0.0012193 0.0011931 0.0013166 0.0009790 0.0008114 0.0013091 0.0013931 0.0004667 0.0010655 0.0012317
0.0000000 0.0010898 0.0031344 0.0026396 0.0015823 0.0064392 0.0037551 0.0044967 0.0060732 0.0008268 0.0060975 0.0046258 0.0043144 0.0050616 0.0037240 0.0029564 0.0054129 0.0056040 0.0018518 0.0038723 0.0049132
0.0000000 0.0006090 0.0018563 0.0015090 0.0009022 0.0037551 0.0022803 0.0028681 0.0034517 0.0005016 0.0037852 0.0027186 0.0026161 0.0029591 0.0022682 0.0018000 0.0027989 0.0033160 0.0011072 0.0023427 0.0027509
0.0000000 0.0007774 0.0021305 0.0018386 0.0012042 0.0044967 0.0028681 0.0033934 0.0042577 0.0005169 0.0046387 0.0035637 0.0032369 0.0038538 0.0027612 0.0021854 0.0036844 0.0040994 0.0013115 0.0029104 0.0035849
0.0000000 0.0010986 0.0029900 0.0026672 0.0016008 0.0060732 0.0034517 0.0042577 0.0057630 0.0006854 0.0060667 0.0045094 0.0044518 0.0051232 0.0036686 0.0029746 0.0050742 0.0053608 0.0018711 0.0036173 0.0045264
0.0000000 0.0001811 0.0004190 0.0003531 0.0002204 0.0008268 0.0005016 0.0005169 0.0006854 0.0002816 0.0009307 0.0006865 0.0006458 0.0007672 0.0005046 0.0003820 0.0007242 0.0007212 0.0002764 0.0005327 0.0005996
0.0000000 0.0012409 0.0032737 0.0028560 0.0015732 0.0060975 0.0037852 0.0046387 0.0060667 0.0009307 0.0084803 0.0051902 0.0048391 0.0056891 0.0040828 0.0031572 0.0056354 0.0056955 0.0020275 0.0039231 0.0050623
0.0000000 0.0008415 0.0023310 0.0019818 0.0012193 0.0046258 0.0027186 0.0035637 0.0045094 0.0006865 0.0051902 0.0040310 0.0035887 0.0039172 0.0030123 0.0023313 0.0038556 0.0039785 0.0014591 0.0030076 0.0037511
0.0000000 0.0007724 0.0021241 0.0019840 0.0011931 0.0043144 0.0026161 0.0032369 0.0044518 0.0006458 0.0048391 0.0035887 0.0031968 0.0039575 0.0028395 0.0021516 0.0036842 0.0037207 0.0014244 0.0028701 0.0031831
0.0000000 0.0009325 0.0025492 0.0022037 0.0013166 0.0050616 0.0029591 0.0038538 0.0051232 0.0007672 0.0056891 0.0039172 0.0039575 0.0045441 0.0033813 0.0024425 0.0043893 0.0044946 0.0015722 0.0031834 0.0040493
0.0000000 0.0007708 0.0018512 0.0017735 0.0009790 0.0037240 0.0022682 0.0027612 0.0036686 0.0005046 0.0040828 0.0030123 0.0028395 0.0033813 0.0026979 0.0018978 0.0031020 0.0032392 0.0010785 0.0023004 0.0028669
0.0000000 0.0005579 0.0014712 0.0013684 0.0008114 0.0029564 0.0018000 0.0021854 0.0029746 0.0003820 0.0031572 0.0023313 0.0021516 0.0024425 0.0018978 0.0014335 0.0024599 0.0027854 0.0009075 0.0018831 0.0023868
0.0000000 0.0009711 0.0025235 0.0024656 0.0013091 0.0054129 0.0027989 0.0036844 0.0050742 0.0007242 0.0056354 0.0038556 0.0036842 0.0043893 0.0031020 0.0024599 0.0047026 0.0045660 0.0014854 0.0032446 0.0038062
0.0000000 0.0009521 0.0026626 0.0024414 0.0013931 0.0056040 0.0033160 0.0040994 0.0053608 0.0007212 0.0056955 0.0039785 0.0037207 0.0044946 0.0032392 0.0027854 0.0045660 0.0051822 0.0015235 0.0033450 0.0042488
0.0000000 0.0003060 0.0008921 0.0008020 0.0004667 0.0018518 0.0011072 0.0013115 0.0018711 0.0002764 0.0020275 0.0014591 0.0014244 0.0015722 0.0010785 0.0009075 0.0014854 0.0015235 0.0007204 0.0011038 0.0015181
0.0000000 0.0006332 0.0019412 0.0016941 0.0010655 0.0038723 0.0023427 0.0029104 0.0036173 0.0005327 0.0039231 0.0030076 0.0028701 0.0031834 0.0023004 0.0018831 0.0032446 0.0033450 0.0011038 0.0023927 0.0031280
0.0000000 0.0008131 0.0021954 0.0021226 0.0012317 0.0049132 0.0027509 0.0035849 0.0045264 0.0005996 0.0050623 0.0037511 0.0031831 0.0040493 0.0028669 0.0023868 0.0038062 0.0042488 0.0015181 0.0031280 0.0041649


