ss 1
solv 1
unaligned 0

Transition matrix:
0.0000000 0.1644468 0.4177112 0.4177112 0.0001308
0.0000000 0.9631744 0.0181618 0.0181618 0.0005020
0.0000000 0.1555849 0.8329839 0.0000071 0.0114241
0.0000000 0.1555804 0.0000071 0.8329600 0.0114525
0.0000000 0.2500000 0.2500000 0.2500000 0.2500000

Emission vector for indel state 1:
0.0000000
0.0108048
0.0303876
0.0286036
0.0192839
0.0719566
0.0381766
0.0501209
0.0773898
0.0100607
0.0860471
0.0641813
0.0519477
0.0700812
0.0506984
0.0403815
0.0694857
0.0830639
0.0231494
0.0514529
0.0727266

Emission vector for indel state 2:
0.0000000
0.0108048
0.0303876
0.0286036
0.0192839
0.0719566
0.0381766
0.0501209
0.0773898
0.0100607
0.0860471
0.0641813
0.0519477
0.0700812
0.0506984
0.0403815
0.0694857
0.0830639
0.0231494
0.0514529
0.0727266

Background frequencies:
0.0000000
0.0131891
0.0393611
0.0343388
0.0216657
0.0915852
0.0578431
0.0729812
0.0829131
0.0132082
0.0753503
0.0463427
0.0543788
0.0586737
0.0418425
0.0362661
0.0584241
0.0680912
0.0230845
0.0507958
0.0596648

Emission matrices:
Matrix 1 :
0.0000000 0.0000000 0.0000000 0.0000000 0.0000000 0.0000000 0.0000000 0.0000000 0.0000000 0.0000000 0.0000000 0.0000000 0.0000000 0.0000000 0.0000000 0.0000000 0.0000000 0.0000000 0.0000000 0.0000000 0.0000000
0.0000000 0.0049015 0.0011289 0.0011071 0.0002629 0.0010348 0.0004825 0.0005145 0.0005654 0.0000896 0.0003254 0.0002442 0.0003274 0.0003565 0.0002385 0.0002641 0.0002551 0.0003954 0.0002641 0.0003930 0.0003312
0.0000000 0.0011289 0.0116484 0.0039354 0.0011724 0.0054057 0.0027781 0.0028203 0.0018922 0.0003713 0.0009108 0.0007657 0.0011150 0.0009842 0.0006671 0.0006570 0.0006554 0.0009416 0.0007709 0.0008708 0.0009308
0.0000000 0.0011071 0.0039354 0.0102418 0.0006674 0.0026585 0.0015666 0.0018577 0.0017129 0.0003362 0.0009751 0.0006870 0.0010443 0.0011369 0.0009127 0.0007861 0.0008985 0.0011171 0.0011461 0.0011344 0.0010981
0.0000000 0.0002629 0.0011724 0.0006674 0.0030605 0.0039481 0.0020662 0.0019608 0.0015132 0.0002818 0.0006103 0.0004727 0.0009114 0.0008041 0.0004784 0.0006647 0.0004591 0.0007406 0.0003362 0.0007522 0.0007928
0.0000000 0.0010348 0.0054057 0.0026585 0.0039481 0.0320039 0.0104370 0.0095305 0.0053601 0.0009520 0.0018802 0.0018757 0.0030958 0.0022738 0.0014274 0.0018319 0.0015080 0.0024285 0.0011579 0.0024604 0.0026144
0.0000000 0.0004825 0.0027781 0.0015666 0.0020662 0.0104370 0.0149848 0.0107589 0.0033693 0.0005844 0.0010231 0.0011194 0.0022177 0.0013968 0.0007936 0.0009698 0.0008380 0.0013729 0.0006449 0.0013265 0.0014273
0.0000000 0.0005145 0.0028203 0.0018577 0.0019608 0.0095305 0.0107589 0.0205355 0.0061713 0.0010731 0.0017005 0.0017488 0.0037857 0.0022781 0.0012132 0.0013583 0.0013065 0.0021884 0.0008515 0.0018649 0.0021489
0.0000000 0.0005654 0.0018922 0.0017129 0.0015132 0.0053601 0.0033693 0.0061713 0.0230914 0.0014245 0.0057575 0.0029101 0.0039862 0.0057382 0.0023236 0.0024365 0.0029536 0.0045028 0.0011546 0.0029725 0.0037170
0.0000000 0.0000896 0.0003713 0.0003362 0.0002818 0.0009520 0.0005844 0.0010731 0.0014245 0.0045114 0.0005452 0.0002859 0.0006721 0.0006797 0.0002932 0.0002045 0.0002788 0.0002778 0.0001674 0.0002740 0.0002884
0.0000000 0.0003254 0.0009108 0.0009751 0.0006103 0.0018802 0.0010231 0.0017005 0.0057575 0.0005452 0.0357705 0.0020854 0.0023351 0.0039832 0.0029833 0.0015946 0.0031999 0.0027974 0.0010015 0.0020000 0.0026022
0.0000000 0.0002442 0.0007657 0.0006870 0.0004727 0.0018757 0.0011194 0.0017488 0.0029101 0.0002859 0.0020854 0.0169507 0.0017766 0.0022742 0.0012620 0.0011040 0.0020495 0.0024051 0.0006139 0.0015007 0.0021103
0.0000000 0.0003274 0.0011150 0.0010443 0.0009114 0.0030958 0.0022177 0.0037857 0.0039862 0.0006721 0.0023351 0.0017766 0.0121590 0.0051820 0.0023355 0.0018578 0.0025177 0.0031097 0.0009436 0.0022910 0.0030005
0.0000000 0.0003565 0.0009842 0.0011369 0.0008041 0.0022738 0.0013968 0.0022781 0.0057382 0.0006797 0.0039832 0.0022742 0.0051820 0.0114995 0.0029406 0.0020203 0.0034990 0.0035407 0.0011639 0.0024982 0.0030765
0.0000000 0.0002385 0.0006671 0.0009127 0.0004784 0.0014274 0.0007936 0.0012132 0.0023236 0.0002932 0.0029833 0.0012620 0.0023355 0.0029406 0.0091950 0.0017008 0.0037536 0.0026072 0.0011751 0.0018860 0.0026149
0.0000000 0.0002641 0.0006570 0.0007861 0.0006647 0.0018319 0.0009698 0.0013583 0.0024365 0.0002045 0.0015946 0.0011040 0.0018578 0.0020203 0.0017008 0.0055459 0.0022018 0.0039136 0.0010327 0.0024640 0.0031775
0.0000000 0.0002551 0.0006554 0.0008985 0.0004591 0.0015080 0.0008380 0.0013065 0.0029536 0.0002788 0.0031999 0.0020495 0.0025177 0.0034990 0.0037536 0.0022018 0.0180741 0.0062572 0.0010908 0.0022076 0.0031134
0.0000000 0.0003954 0.0009416 0.0011171 0.0007406 0.0024285 0.0013729 0.0021884 0.0045028 0.0002778 0.0027974 0.0024051 0.0031097 0.0035407 0.0026072 0.0039136 0.0062572 0.0174722 0.0013169 0.0036098 0.0053259
0.0000000 0.0002641 0.0007709 0.0011461 0.0003362 0.0011579 0.0006449 0.0008515 0.0011546 0.0001674 0.0010015 0.0006139 0.0009436 0.0011639 0.0011751 0.0010327 0.0010908 0.0013169 0.0058038 0.0012376 0.0012122
0.0000000 0.0003930 0.0008708 0.0011344 0.0007522 0.0024604 0.0013265 0.0018649 0.0029725 0.0002740 0.0020000 0.0015007 0.0022910 0.0024982 0.0018860 0.0024640 0.0022076 0.0036098 0.0012376 0.0132275 0.0057468
0.0000000 0.0003312 0.0009308 0.0010981 0.0007928 0.0026144 0.0014273 0.0021489 0.0037170 0.0002884 0.0026022 0.0021103 0.0030005 0.0030765 0.0026149 0.0031775 0.0031134 0.0053259 0.0012122 0.0057468 0.0127933


