ss 1
solv 2
unaligned 1

Transition matrix:
0.0000000 0.0342742 0.1064885 0.0239026 0.4176020 0.4176020 0.0001308
0.0000000 0.5753388 0.3990525 0.0057947 0.0116099 0.0080688 0.0001353
0.0000000 0.4409287 0.5028726 0.0112954 0.0200964 0.0239997 0.0008072
0.0000000 0.0686427 0.1251562 0.6759812 0.0644100 0.0644100 0.0013999
0.0000000 0.0441909 0.0742551 0.0371509 0.8329721 0.0000071 0.0114240
0.0000000 0.0292172 0.0892254 0.0371498 0.0000071 0.8329482 0.0114523
0.0000000 0.1666667 0.1666667 0.1666667 0.1666667 0.1666667 0.1666667

Emission vector for indel state 1:
0.0000000
0.0108048
0.0303876
0.0286036
0.0192839
0.0719566
0.0381766
0.0501209
0.0773898
0.0100607
0.0860471
0.0641813
0.0519477
0.0700812
0.0506984
0.0403815
0.0694857
0.0830639
0.0231494
0.0514529
0.0727266

Emission vector for indel state 2:
0.0000000
0.0108048
0.0303876
0.0286036
0.0192839
0.0719566
0.0381766
0.0501209
0.0773898
0.0100607
0.0860471
0.0641813
0.0519477
0.0700812
0.0506984
0.0403815
0.0694857
0.0830639
0.0231494
0.0514529
0.0727266

Background frequencies:
0.0000000
0.0131891
0.0393611
0.0343388
0.0216657
0.0915852
0.0578431
0.0729812
0.0829131
0.0132082
0.0753503
0.0463427
0.0543788
0.0586737
0.0418425
0.0362661
0.0584241
0.0680912
0.0230845
0.0507958
0.0596648

Emission matrices:
Matrix 1 :
0.0000000 0.0000000 0.0000000 0.0000000 0.0000000 0.0000000 0.0000000 0.0000000 0.0000000 0.0000000 0.0000000 0.0000000 0.0000000 0.0000000 0.0000000 0.0000000 0.0000000 0.0000000 0.0000000 0.0000000 0.0000000
0.0000000 0.0081186 0.0018342 0.0016478 0.0003745 0.0015553 0.0007209 0.0007689 0.0007062 0.0001272 0.0003268 0.0002332 0.0003977 0.0003649 0.0002241 0.0002680 0.0002045 0.0003405 0.0003012 0.0003871 0.0003444
0.0000000 0.0018543 0.0198198 0.0061387 0.0017649 0.0087794 0.0045924 0.0045318 0.0026425 0.0005756 0.0009622 0.0008006 0.0013444 0.0011179 0.0006329 0.0006778 0.0005683 0.0007569 0.0009329 0.0008236 0.0008487
0.0000000 0.0016086 0.0059655 0.0155734 0.0008677 0.0036421 0.0022042 0.0024345 0.0020091 0.0004718 0.0008701 0.0005920 0.0010308 0.0010453 0.0007918 0.0006419 0.0006595 0.0007944 0.0013400 0.0010576 0.0008609
0.0000000 0.0004005 0.0018017 0.0009354 0.0047173 0.0063944 0.0033579 0.0030036 0.0020355 0.0004605 0.0006058 0.0004101 0.0010452 0.0008289 0.0004317 0.0006535 0.0003402 0.0005107 0.0003643 0.0006938 0.0005680
0.0000000 0.0016067 0.0088469 0.0039032 0.0063183 0.0551713 0.0178136 0.0158732 0.0076586 0.0015780 0.0019911 0.0018079 0.0037326 0.0023311 0.0014063 0.0017499 0.0011700 0.0018302 0.0013597 0.0025207 0.0022260
0.0000000 0.0007449 0.0046561 0.0023396 0.0034011 0.0178847 0.0263483 0.0186263 0.0051714 0.0010138 0.0011825 0.0012141 0.0029322 0.0016529 0.0007923 0.0009550 0.0006536 0.0011122 0.0007568 0.0013368 0.0013058
0.0000000 0.0007767 0.0046314 0.0026648 0.0030629 0.0160012 0.0186250 0.0354844 0.0096113 0.0018924 0.0019512 0.0018330 0.0050177 0.0026702 0.0012579 0.0013093 0.0009701 0.0016399 0.0010348 0.0018821 0.0019411
0.0000000 0.0007140 0.0027314 0.0022744 0.0020566 0.0078219 0.0052619 0.0097268 0.0363776 0.0024137 0.0071707 0.0026140 0.0046161 0.0067350 0.0018054 0.0017336 0.0017229 0.0024256 0.0011914 0.0022431 0.0023618
0.0000000 0.0001322 0.0006163 0.0005101 0.0004802 0.0016092 0.0010368 0.0019160 0.0024626 0.0076344 0.0007754 0.0003600 0.0010555 0.0010028 0.0003833 0.0002488 0.0002969 0.0002838 0.0002346 0.0003540 0.0003234
0.0000000 0.0002777 0.0008114 0.0008271 0.0005291 0.0016256 0.0010556 0.0017285 0.0067713 0.0006846 0.0364991 0.0012671 0.0018614 0.0033807 0.0016196 0.0008504 0.0015764 0.0012751 0.0006214 0.0011836 0.0012430
0.0000000 0.0001985 0.0006958 0.0005756 0.0003988 0.0016727 0.0011069 0.0017500 0.0024952 0.0003111 0.0011613 0.0175570 0.0011307 0.0013254 0.0006459 0.0005648 0.0008223 0.0007825 0.0004271 0.0007142 0.0008963
0.0000000 0.0003758 0.0012770 0.0010226 0.0010383 0.0035958 0.0028423 0.0047920 0.0044167 0.0009952 0.0018196 0.0010738 0.0138731 0.0047425 0.0014775 0.0011514 0.0011910 0.0015446 0.0007644 0.0014554 0.0015003
0.0000000 0.0003157 0.0010448 0.0010633 0.0007877 0.0021650 0.0014811 0.0025891 0.0065296 0.0009406 0.0033157 0.0012355 0.0048612 0.0125991 0.0020126 0.0011796 0.0017554 0.0015474 0.0009493 0.0015721 0.0014774
0.0000000 0.0001798 0.0005008 0.0006868 0.0003385 0.0010422 0.0005779 0.0009626 0.0013456 0.0002898 0.0010426 0.0004375 0.0012862 0.0016844 0.0090662 0.0007545 0.0015675 0.0007956 0.0008683 0.0009149 0.0008626
0.0000000 0.0001784 0.0005148 0.0005492 0.0005395 0.0012799 0.0007551 0.0009457 0.0012648 0.0001797 0.0006236 0.0003928 0.0009043 0.0008429 0.0007874 0.0051541 0.0007392 0.0014218 0.0007383 0.0011372 0.0010188
0.0000000 0.0001317 0.0003478 0.0004919 0.0002262 0.0006838 0.0004177 0.0006341 0.0012150 0.0001861 0.0009610 0.0004424 0.0009952 0.0013562 0.0016360 0.0007438 0.0158047 0.0022647 0.0006265 0.0007518 0.0007317
0.0000000 0.0001979 0.0004567 0.0005752 0.0003415 0.0011146 0.0007421 0.0010289 0.0014639 0.0001714 0.0007411 0.0004225 0.0010823 0.0010585 0.0007447 0.0014804 0.0020871 0.0108476 0.0006154 0.0010230 0.0011366
0.0000000 0.0003021 0.0008926 0.0012861 0.0003100 0.0010659 0.0006071 0.0008353 0.0008943 0.0001924 0.0005246 0.0003544 0.0006227 0.0007784 0.0009072 0.0007756 0.0006687 0.0006597 0.0079338 0.0008100 0.0006289
0.0000000 0.0002529 0.0005160 0.0007345 0.0004259 0.0014935 0.0007447 0.0011059 0.0012800 0.0002032 0.0007000 0.0004133 0.0009808 0.0009202 0.0007952 0.0009735 0.0006003 0.0009873 0.0006458 0.0114909 0.0024321
0.0000000 0.0001486 0.0003947 0.0004758 0.0002962 0.0009798 0.0005790 0.0008538 0.0009332 0.0001322 0.0005157 0.0003074 0.0007054 0.0006758 0.0004969 0.0006972 0.0004605 0.0008236 0.0004012 0.0021618 0.0063928

Matrix 2 :
0.0000000 0.0000000 0.0000000 0.0000000 0.0000000 0.0000000 0.0000000 0.0000000 0.0000000 0.0000000 0.0000000 0.0000000 0.0000000 0.0000000 0.0000000 0.0000000 0.0000000 0.0000000 0.0000000 0.0000000 0.0000000
0.0000000 0.0018298 0.0004524 0.0005783 0.0001496 0.0004866 0.0002321 0.0002475 0.0003899 0.0000447 0.0002546 0.0002100 0.0002425 0.0003063 0.0002127 0.0002173 0.0002490 0.0004236 0.0002260 0.0003731 0.0002898
0.0000000 0.0004303 0.0037381 0.0018262 0.0005744 0.0019461 0.0009320 0.0010295 0.0010093 0.0001538 0.0006754 0.0005225 0.0008041 0.0007180 0.0006204 0.0005686 0.0005811 0.0009894 0.0006077 0.0008438 0.0008863
0.0000000 0.0006216 0.0020170 0.0053507 0.0004627 0.0016333 0.0009066 0.0012526 0.0013722 0.0001916 0.0009247 0.0006703 0.0010199 0.0010935 0.0009932 0.0008847 0.0010298 0.0013320 0.0009633 0.0012101 0.0012745
0.0000000 0.0001209 0.0005339 0.0003882 0.0014842 0.0014930 0.0007809 0.0009025 0.0009466 0.0000935 0.0004874 0.0004013 0.0007657 0.0007102 0.0004829 0.0006776 0.0005263 0.0009338 0.0002937 0.0007892 0.0009894
0.0000000 0.0004300 0.0018718 0.0013456 0.0015768 0.0092757 0.0031753 0.0031997 0.0028056 0.0003001 0.0013875 0.0015740 0.0023153 0.0019147 0.0012846 0.0018266 0.0015368 0.0027859 0.0008936 0.0023102 0.0027863
0.0000000 0.0002057 0.0008619 0.0007575 0.0007333 0.0030969 0.0038658 0.0030649 0.0014717 0.0001531 0.0006590 0.0008461 0.0014504 0.0010242 0.0006894 0.0009259 0.0008359 0.0014709 0.0005054 0.0012492 0.0014182
0.0000000 0.0002389 0.0009199 0.0009989 0.0008371 0.0030587 0.0030664 0.0059153 0.0026265 0.0002448 0.0011783 0.0014444 0.0024948 0.0017176 0.0010526 0.0013434 0.0013765 0.0026078 0.0006287 0.0017762 0.0022774
0.0000000 0.0003814 0.0009113 0.0010801 0.0009234 0.0026258 0.0013720 0.0024992 0.0102850 0.0004084 0.0040944 0.0030027 0.0032882 0.0046753 0.0027400 0.0031881 0.0040859 0.0066900 0.0010980 0.0036785 0.0050502
0.0000000 0.0000392 0.0001089 0.0001494 0.0000718 0.0002658 0.0001277 0.0002188 0.0003545 0.0014881 0.0002588 0.0001539 0.0002668 0.0002938 0.0001829 0.0001472 0.0002248 0.0002312 0.0001000 0.0001668 0.0002112
0.0000000 0.0003087 0.0008414 0.0009720 0.0005719 0.0017900 0.0007988 0.0014237 0.0045343 0.0003587 0.0373287 0.0025176 0.0026452 0.0043198 0.0043497 0.0022427 0.0046929 0.0041293 0.0012872 0.0026425 0.0038059
0.0000000 0.0002482 0.0006379 0.0006883 0.0004137 0.0017229 0.0009643 0.0015358 0.0031335 0.0002077 0.0026341 0.0171912 0.0022471 0.0030367 0.0016958 0.0015482 0.0031360 0.0038822 0.0007078 0.0021809 0.0032021
0.0000000 0.0002666 0.0008783 0.0010289 0.0007733 0.0024661 0.0015494 0.0027434 0.0035078 0.0003332 0.0026912 0.0023098 0.0110954 0.0057834 0.0032369 0.0025924 0.0038332 0.0047323 0.0011201 0.0031779 0.0045997
0.0000000 0.0003606 0.0007985 0.0010737 0.0007557 0.0020976 0.0012134 0.0018070 0.0049016 0.0003622 0.0043914 0.0031357 0.0056526 0.0108698 0.0039251 0.0028648 0.0052334 0.0055504 0.0013443 0.0034718 0.0046693
0.0000000 0.0002614 0.0007659 0.0011089 0.0005856 0.0016856 0.0009256 0.0013779 0.0032464 0.0002859 0.0049853 0.0019252 0.0034476 0.0042867 0.0100156 0.0027470 0.0061996 0.0044884 0.0015353 0.0028925 0.0044515
0.0000000 0.0003160 0.0007482 0.0009869 0.0008032 0.0023443 0.0011461 0.0017439 0.0037045 0.0002233 0.0024925 0.0017376 0.0028646 0.0032357 0.0027108 0.0063947 0.0037505 0.0067505 0.0013623 0.0039654 0.0056109
0.0000000 0.0003292 0.0008240 0.0012144 0.0006519 0.0020724 0.0010958 0.0017465 0.0046454 0.0003468 0.0053707 0.0035545 0.0040488 0.0056732 0.0061242 0.0037455 0.0219317 0.0107380 0.0015628 0.0036911 0.0055405
0.0000000 0.0005807 0.0013201 0.0015735 0.0011201 0.0035741 0.0018786 0.0032808 0.0077492 0.0003551 0.0047175 0.0042787 0.0052416 0.0060889 0.0045445 0.0066859 0.0109336 0.0258451 0.0020504 0.0064542 0.0098796
0.0000000 0.0002250 0.0006522 0.0010227 0.0003536 0.0012172 0.0006702 0.0008483 0.0014253 0.0001464 0.0013938 0.0007879 0.0012761 0.0015325 0.0014924 0.0013212 0.0015163 0.0020017 0.0039721 0.0016988 0.0018372
0.0000000 0.0005209 0.0011827 0.0015660 0.0010844 0.0034416 0.0019014 0.0026312 0.0047393 0.0003330 0.0031752 0.0025123 0.0037006 0.0041899 0.0030243 0.0041457 0.0038580 0.0064936 0.0018797 0.0162026 0.0095825
0.0000000 0.0005055 0.0013865 0.0016987 0.0012888 0.0041589 0.0022187 0.0034750 0.0066237 0.0004218 0.0046069 0.0038508 0.0054753 0.0055523 0.0048542 0.0059650 0.0058393 0.0102244 0.0020880 0.0098803 0.0206845

Matrix 3 :
0.0000000 0.0000000 0.0000000 0.0000000 0.0000000 0.0000000 0.0000000 0.0000000 0.0000000 0.0000000 0.0000000 0.0000000 0.0000000 0.0000000 0.0000000 0.0000000 0.0000000 0.0000000 0.0000000 0.0000000 0.0000000
0.0000000 0.0007719 0.0002744 0.0005449 0.0002093 0.0008345 0.0004014 0.0004249 0.0007670 0.0001504 0.0009559 0.0006749 0.0004210 0.0007395 0.0006305 0.0006605 0.0008216 0.0007032 0.0002690 0.0006491 0.0005915
0.0000000 0.0002744 0.0020603 0.0011582 0.0007143 0.0031406 0.0014521 0.0019957 0.0023910 0.0003321 0.0024847 0.0025676 0.0016379 0.0020374 0.0014230 0.0012499 0.0021576 0.0023139 0.0006605 0.0015775 0.0021231
0.0000000 0.0005449 0.0011582 0.0016160 0.0005522 0.0021508 0.0012100 0.0016039 0.0018473 0.0003216 0.0024377 0.0017647 0.0014040 0.0024088 0.0013897 0.0013301 0.0020649 0.0023563 0.0008955 0.0012298 0.0018522
0.0000000 0.0002093 0.0007143 0.0005522 0.0008938 0.0018489 0.0008774 0.0011835 0.0014507 0.0002368 0.0017456 0.0017174 0.0009174 0.0014044 0.0009122 0.0006825 0.0010378 0.0012843 0.0004628 0.0010120 0.0012574
0.0000000 0.0008345 0.0031406 0.0021508 0.0018489 0.0073911 0.0028368 0.0037469 0.0055223 0.0006452 0.0051084 0.0051530 0.0037740 0.0048477 0.0028835 0.0026707 0.0045055 0.0050490 0.0015410 0.0031900 0.0048353
0.0000000 0.0004014 0.0014521 0.0012100 0.0008774 0.0028368 0.0026848 0.0022130 0.0025987 0.0002484 0.0026791 0.0026043 0.0020500 0.0021976 0.0017337 0.0015123 0.0026423 0.0030316 0.0008103 0.0019148 0.0026834
0.0000000 0.0004249 0.0019957 0.0016039 0.0011835 0.0037469 0.0022130 0.0042744 0.0040044 0.0004464 0.0038482 0.0035975 0.0031953 0.0033976 0.0021970 0.0019724 0.0039330 0.0037968 0.0010549 0.0024800 0.0030248
0.0000000 0.0007670 0.0023910 0.0018473 0.0014507 0.0055223 0.0025987 0.0040044 0.0069491 0.0007997 0.0066421 0.0049345 0.0040027 0.0053931 0.0036680 0.0026331 0.0048883 0.0053528 0.0013116 0.0038135 0.0050877
0.0000000 0.0001504 0.0003321 0.0003216 0.0002368 0.0006452 0.0002484 0.0004464 0.0007997 0.0008659 0.0008565 0.0007516 0.0005477 0.0009632 0.0004174 0.0003078 0.0006041 0.0006526 0.0001397 0.0004683 0.0006520
0.0000000 0.0009559 0.0024847 0.0024377 0.0017456 0.0051084 0.0026791 0.0038482 0.0066421 0.0008565 0.0148368 0.0061658 0.0041759 0.0068061 0.0041557 0.0030981 0.0057554 0.0057904 0.0021765 0.0042355 0.0051505
0.0000000 0.0006749 0.0025676 0.0017647 0.0017174 0.0051530 0.0026043 0.0035975 0.0049345 0.0007516 0.0061658 0.0088758 0.0038796 0.0047316 0.0034049 0.0024227 0.0043592 0.0051012 0.0016095 0.0031303 0.0042477
0.0000000 0.0004210 0.0016379 0.0014040 0.0009174 0.0037740 0.0020500 0.0031953 0.0040027 0.0005477 0.0041759 0.0038796 0.0048732 0.0041282 0.0027169 0.0022424 0.0037849 0.0039825 0.0011461 0.0025843 0.0034558
0.0000000 0.0007395 0.0020374 0.0024088 0.0014044 0.0048477 0.0021976 0.0033976 0.0053931 0.0009632 0.0068061 0.0047316 0.0041282 0.0063340 0.0032624 0.0027345 0.0051031 0.0051413 0.0016671 0.0029017 0.0045336
0.0000000 0.0006305 0.0014230 0.0013897 0.0009122 0.0028835 0.0017337 0.0021970 0.0036680 0.0004174 0.0041557 0.0034049 0.0027169 0.0032624 0.0032116 0.0016776 0.0034053 0.0035977 0.0009988 0.0024426 0.0034253
0.0000000 0.0006605 0.0012499 0.0013301 0.0006825 0.0026707 0.0015123 0.0019724 0.0026331 0.0003078 0.0030981 0.0024227 0.0022424 0.0027345 0.0016776 0.0018823 0.0027471 0.0030926 0.0010045 0.0021172 0.0026854
0.0000000 0.0008216 0.0021576 0.0020649 0.0010378 0.0045055 0.0026423 0.0039330 0.0048883 0.0006041 0.0057554 0.0043592 0.0037849 0.0051031 0.0034053 0.0027471 0.0060771 0.0054875 0.0014507 0.0032549 0.0048113
0.0000000 0.0007032 0.0023139 0.0023563 0.0012843 0.0050490 0.0030316 0.0037968 0.0053528 0.0006526 0.0057904 0.0051012 0.0039825 0.0051413 0.0035977 0.0030926 0.0054875 0.0079305 0.0016728 0.0036368 0.0058169
0.0000000 0.0002690 0.0006605 0.0008955 0.0004628 0.0015410 0.0008103 0.0010549 0.0013116 0.0001397 0.0021765 0.0016095 0.0011461 0.0016671 0.0009988 0.0010045 0.0014507 0.0016728 0.0012919 0.0013385 0.0013812
0.0000000 0.0006491 0.0015775 0.0012298 0.0010120 0.0031900 0.0019148 0.0024800 0.0038135 0.0004683 0.0042355 0.0031303 0.0025843 0.0029017 0.0024426 0.0021172 0.0032549 0.0036368 0.0013385 0.0038619 0.0041001
0.0000000 0.0005915 0.0021231 0.0018522 0.0012574 0.0048353 0.0026834 0.0030248 0.0050877 0.0006520 0.0051505 0.0042477 0.0034558 0.0045336 0.0034253 0.0026854 0.0048113 0.0058169 0.0013812 0.0041001 0.0053521


