ss 1
solv 1
unaligned 1

Transition matrix:
0.0000000 0.0485805 0.0229477 0.4641764 0.4641764 0.0001190
0.0000000 0.9255076 0.0255130 0.0243989 0.0243989 0.0001817
0.0000000 0.1551155 0.7310641 0.0566750 0.0566750 0.0004704
0.0000000 0.0569521 0.0398252 0.8976355 0.0000028 0.0055844
0.0000000 0.0569523 0.0398253 0.0000028 0.8976389 0.0055807
0.0000000 0.2000000 0.2000000 0.2000000 0.2000000 0.2000000

Emission vector for indel state 1:
0.0000000
0.0137909
0.0364374
0.0335474
0.0199957
0.0802897
0.0448124
0.0549358
0.0759724
0.0105529
0.0787555
0.0588679
0.0537170
0.0645809
0.0477670
0.0396052
0.0665292
0.0781789
0.0221116
0.0534695
0.0660826

Emission vector for indel state 2:
0.0000000
0.0137909
0.0364374
0.0335474
0.0199957
0.0802897
0.0448124
0.0549358
0.0759724
0.0105529
0.0787555
0.0588679
0.0537170
0.0645809
0.0477670
0.0396052
0.0665292
0.0781789
0.0221116
0.0534695
0.0660826

Background frequencies:
0.0000000
0.0137230
0.0405517
0.0346135
0.0216865
0.0923840
0.0577330
0.0730541
0.0820454
0.0127908
0.0737583
0.0460152
0.0544736
0.0597037
0.0424369
0.0368970
0.0583180
0.0675464
0.0231494
0.0506955
0.0584242

Emission matrices:
Matrix 1 :
0.0000000 0.0000000 0.0000000 0.0000000 0.0000000 0.0000000 0.0000000 0.0000000 0.0000000 0.0000000 0.0000000 0.0000000 0.0000000 0.0000000 0.0000000 0.0000000 0.0000000 0.0000000 0.0000000 0.0000000 0.0000000
0.0000000 0.0013441 0.0009830 0.0009012 0.0003045 0.0015150 0.0009214 0.0010662 0.0009889 0.0001573 0.0006563 0.0004113 0.0006233 0.0005951 0.0004019 0.0003818 0.0004494 0.0005885 0.0003458 0.0006186 0.0005315
0.0000000 0.0009830 0.0045544 0.0025821 0.0012442 0.0061506 0.0039952 0.0044883 0.0033232 0.0006091 0.0018517 0.0011074 0.0018859 0.0016521 0.0010101 0.0010181 0.0011818 0.0014724 0.0008929 0.0014135 0.0013398
0.0000000 0.0009012 0.0025821 0.0032007 0.0008687 0.0036775 0.0023887 0.0029755 0.0026572 0.0004449 0.0017665 0.0009949 0.0017395 0.0017171 0.0011818 0.0010965 0.0012815 0.0016443 0.0010266 0.0015972 0.0015508
0.0000000 0.0003045 0.0012442 0.0008687 0.0010115 0.0033921 0.0019860 0.0023749 0.0020321 0.0003403 0.0010541 0.0006163 0.0010716 0.0010252 0.0005925 0.0006671 0.0007649 0.0009719 0.0004389 0.0009115 0.0009756
0.0000000 0.0015150 0.0061506 0.0036775 0.0033921 0.0201129 0.0106058 0.0115882 0.0081724 0.0014295 0.0035770 0.0024586 0.0041420 0.0035547 0.0021717 0.0024226 0.0025333 0.0036483 0.0016498 0.0034619 0.0034173
0.0000000 0.0009214 0.0039952 0.0023887 0.0019860 0.0106058 0.0093196 0.0097787 0.0051387 0.0009296 0.0022414 0.0015600 0.0029113 0.0022335 0.0012959 0.0013540 0.0014680 0.0020279 0.0009961 0.0020066 0.0019872
0.0000000 0.0010662 0.0044883 0.0029755 0.0023749 0.0115882 0.0097787 0.0135179 0.0073459 0.0013901 0.0032861 0.0022202 0.0042145 0.0033232 0.0018456 0.0018779 0.0021039 0.0029188 0.0013712 0.0026772 0.0027888
0.0000000 0.0009889 0.0033232 0.0026572 0.0020321 0.0081724 0.0051387 0.0073459 0.0126521 0.0014162 0.0057646 0.0029064 0.0044098 0.0049595 0.0027953 0.0028427 0.0035429 0.0048824 0.0016057 0.0036538 0.0041985
0.0000000 0.0001573 0.0006091 0.0004449 0.0003403 0.0014295 0.0009296 0.0013901 0.0014162 0.0019246 0.0008108 0.0003429 0.0006996 0.0007915 0.0003778 0.0003602 0.0004200 0.0004354 0.0002641 0.0004330 0.0004374
0.0000000 0.0006563 0.0018517 0.0017665 0.0010541 0.0035770 0.0022414 0.0032861 0.0057646 0.0008108 0.0185622 0.0026296 0.0031994 0.0042741 0.0032421 0.0020897 0.0036426 0.0034621 0.0014397 0.0028597 0.0031595
0.0000000 0.0004113 0.0011074 0.0009949 0.0006163 0.0024586 0.0015600 0.0022202 0.0029064 0.0003429 0.0026296 0.0056086 0.0021062 0.0023258 0.0016661 0.0012287 0.0023344 0.0023948 0.0008144 0.0017916 0.0022383
0.0000000 0.0006233 0.0018859 0.0017395 0.0010716 0.0041420 0.0029113 0.0042145 0.0044098 0.0006996 0.0031994 0.0021062 0.0054654 0.0042686 0.0024462 0.0020378 0.0029791 0.0034913 0.0012756 0.0027660 0.0030472
0.0000000 0.0005951 0.0016521 0.0017171 0.0010252 0.0035547 0.0022335 0.0033232 0.0049595 0.0007915 0.0042741 0.0023258 0.0042686 0.0057217 0.0027855 0.0022086 0.0036734 0.0038725 0.0013778 0.0028633 0.0033492
0.0000000 0.0004019 0.0010101 0.0011818 0.0005925 0.0021717 0.0012959 0.0018456 0.0027953 0.0003778 0.0032421 0.0016661 0.0024462 0.0027855 0.0037504 0.0017789 0.0032099 0.0029187 0.0011018 0.0022074 0.0026117
0.0000000 0.0003818 0.0010181 0.0010965 0.0006671 0.0024226 0.0013540 0.0018779 0.0028427 0.0003602 0.0020897 0.0012287 0.0020378 0.0022086 0.0017789 0.0023367 0.0023637 0.0033631 0.0009255 0.0024040 0.0028201
0.0000000 0.0004494 0.0011818 0.0012815 0.0007649 0.0025333 0.0014680 0.0021039 0.0035429 0.0004200 0.0036426 0.0023344 0.0029791 0.0036734 0.0032099 0.0023637 0.0090434 0.0052055 0.0013100 0.0027715 0.0034755
0.0000000 0.0005885 0.0014724 0.0016443 0.0009719 0.0036483 0.0020279 0.0029188 0.0048824 0.0004354 0.0034621 0.0023948 0.0034913 0.0038725 0.0029187 0.0033631 0.0052055 0.0088195 0.0014907 0.0041344 0.0049730
0.0000000 0.0003458 0.0008929 0.0010266 0.0004389 0.0016498 0.0009961 0.0013712 0.0016057 0.0002641 0.0014397 0.0008144 0.0012756 0.0013778 0.0011018 0.0009255 0.0013100 0.0014907 0.0025089 0.0013288 0.0013338
0.0000000 0.0006186 0.0014135 0.0015972 0.0009115 0.0034619 0.0020066 0.0026772 0.0036538 0.0004330 0.0028597 0.0017916 0.0027660 0.0028633 0.0022074 0.0024040 0.0027715 0.0041344 0.0013288 0.0054457 0.0042883
0.0000000 0.0005315 0.0013398 0.0015508 0.0009756 0.0034173 0.0019872 0.0027888 0.0041985 0.0004374 0.0031595 0.0022383 0.0030472 0.0033492 0.0026117 0.0028201 0.0034755 0.0049730 0.0013338 0.0042883 0.0064662

Matrix 2 :
0.0000000 0.0000000 0.0000000 0.0000000 0.0000000 0.0000000 0.0000000 0.0000000 0.0000000 0.0000000 0.0000000 0.0000000 0.0000000 0.0000000 0.0000000 0.0000000 0.0000000 0.0000000 0.0000000 0.0000000 0.0000000
0.0000000 0.0002493 0.0005117 0.0005279 0.0002613 0.0009602 0.0005521 0.0007272 0.0010473 0.0001393 0.0012478 0.0008077 0.0007307 0.0008542 0.0006406 0.0005121 0.0008779 0.0009604 0.0003611 0.0006458 0.0008323
0.0000000 0.0005117 0.0015148 0.0012763 0.0007543 0.0029738 0.0016334 0.0021904 0.0028215 0.0004659 0.0030762 0.0022718 0.0020861 0.0024447 0.0019248 0.0014463 0.0024049 0.0027159 0.0007963 0.0019026 0.0021429
0.0000000 0.0005279 0.0012763 0.0011001 0.0006351 0.0026027 0.0014567 0.0017998 0.0025760 0.0003743 0.0028761 0.0020859 0.0017694 0.0022176 0.0016155 0.0012598 0.0021103 0.0024349 0.0008470 0.0016214 0.0021244
0.0000000 0.0002613 0.0007543 0.0006351 0.0004483 0.0016415 0.0009058 0.0011937 0.0016430 0.0002239 0.0016595 0.0012823 0.0011498 0.0012548 0.0008236 0.0008690 0.0013226 0.0013860 0.0004785 0.0010245 0.0012638
0.0000000 0.0009602 0.0029738 0.0026027 0.0016415 0.0070590 0.0035477 0.0045016 0.0061639 0.0007851 0.0060762 0.0050825 0.0040359 0.0048958 0.0035885 0.0030715 0.0050426 0.0058808 0.0017684 0.0041596 0.0048896
0.0000000 0.0005521 0.0016334 0.0014567 0.0009058 0.0035477 0.0022530 0.0027275 0.0033327 0.0004616 0.0037314 0.0028943 0.0023646 0.0031249 0.0021109 0.0018131 0.0027352 0.0032906 0.0010861 0.0022818 0.0028531
0.0000000 0.0007272 0.0021904 0.0017998 0.0011937 0.0045016 0.0027275 0.0035412 0.0041601 0.0005426 0.0045528 0.0035783 0.0031102 0.0036832 0.0025739 0.0020903 0.0039206 0.0041883 0.0013126 0.0028413 0.0035695
0.0000000 0.0010473 0.0028215 0.0025760 0.0016430 0.0061639 0.0033327 0.0041601 0.0061490 0.0007663 0.0064362 0.0049255 0.0042330 0.0052518 0.0037022 0.0030881 0.0050029 0.0054898 0.0017603 0.0040135 0.0046275
0.0000000 0.0001393 0.0004659 0.0003743 0.0002239 0.0007851 0.0004616 0.0005426 0.0007663 0.0004328 0.0009486 0.0006268 0.0005712 0.0007095 0.0005063 0.0005044 0.0007241 0.0008164 0.0002535 0.0006003 0.0006101
0.0000000 0.0012478 0.0030762 0.0028761 0.0016595 0.0060762 0.0037314 0.0045528 0.0064362 0.0009486 0.0090075 0.0055222 0.0046817 0.0058080 0.0041178 0.0030783 0.0054981 0.0058145 0.0020563 0.0038548 0.0048917
0.0000000 0.0008077 0.0022718 0.0020859 0.0012823 0.0050825 0.0028943 0.0035783 0.0049255 0.0006268 0.0055222 0.0042964 0.0031725 0.0041426 0.0029805 0.0023227 0.0040737 0.0042744 0.0015140 0.0031083 0.0038475
0.0000000 0.0007307 0.0020861 0.0017694 0.0011498 0.0040359 0.0023646 0.0031102 0.0042330 0.0005712 0.0046817 0.0031725 0.0032644 0.0038346 0.0027735 0.0022036 0.0035479 0.0037851 0.0012735 0.0026201 0.0031313
0.0000000 0.0008542 0.0024447 0.0022176 0.0012548 0.0048958 0.0031249 0.0036832 0.0052518 0.0007095 0.0058080 0.0041426 0.0038346 0.0047208 0.0032487 0.0025162 0.0043232 0.0044097 0.0014189 0.0032082 0.0039503
0.0000000 0.0006406 0.0019248 0.0016155 0.0008236 0.0035885 0.0021109 0.0025739 0.0037022 0.0005063 0.0041178 0.0029805 0.0027735 0.0032487 0.0026135 0.0017580 0.0031868 0.0032270 0.0010626 0.0023037 0.0028233
0.0000000 0.0005121 0.0014463 0.0012598 0.0008690 0.0030715 0.0018131 0.0020903 0.0030881 0.0005044 0.0030783 0.0023227 0.0022036 0.0025162 0.0017580 0.0015448 0.0024882 0.0026450 0.0009079 0.0020408 0.0022813
0.0000000 0.0008779 0.0024049 0.0021103 0.0013226 0.0050426 0.0027352 0.0039206 0.0050029 0.0007241 0.0054981 0.0040737 0.0035479 0.0043232 0.0031868 0.0024882 0.0046256 0.0047373 0.0014801 0.0034440 0.0039931
0.0000000 0.0009604 0.0027159 0.0024349 0.0013860 0.0058808 0.0032906 0.0041883 0.0054898 0.0008164 0.0058145 0.0042744 0.0037851 0.0044097 0.0032270 0.0026450 0.0047373 0.0056251 0.0015997 0.0037672 0.0045833
0.0000000 0.0003611 0.0007963 0.0008470 0.0004785 0.0017684 0.0010861 0.0013126 0.0017603 0.0002535 0.0020563 0.0015140 0.0012735 0.0014189 0.0010626 0.0009079 0.0014801 0.0015997 0.0006947 0.0013723 0.0014076
0.0000000 0.0006458 0.0019026 0.0016214 0.0010245 0.0041596 0.0022818 0.0028413 0.0040135 0.0006003 0.0038548 0.0031083 0.0026201 0.0032082 0.0023037 0.0020408 0.0034440 0.0037672 0.0013723 0.0027322 0.0032686
0.0000000 0.0008323 0.0021429 0.0021244 0.0012638 0.0048896 0.0028531 0.0035695 0.0046275 0.0006101 0.0048917 0.0038475 0.0031313 0.0039503 0.0028233 0.0022813 0.0039931 0.0045833 0.0014076 0.0032686 0.0040740


