ss 1
solv 2
unaligned 1

Transition matrix:
0.0000000 0.0143607 0.0542377 0.0212651 0.4549972 0.4549972 0.0001421
0.0000000 0.5786275 0.3768822 0.0134960 0.0184804 0.0124311 0.0000828
0.0000000 0.4483500 0.4696182 0.0219652 0.0262306 0.0334038 0.0004321
0.0000000 0.0664508 0.1000454 0.7157882 0.0584693 0.0584693 0.0007770
0.0000000 0.0340801 0.0427670 0.0390955 0.8768954 0.0000045 0.0071574
0.0000000 0.0230262 0.0538176 0.0390939 0.0000045 0.8768580 0.0071998
0.0000000 0.1666667 0.1666667 0.1666667 0.1666667 0.1666667 0.1666667

Emission vector for indel state 1:
0.0000000
0.0124340
0.0344006
0.0321780
0.0199830
0.0781430
0.0428018
0.0542753
0.0777675
0.0098938
0.0819566
0.0602398
0.0527107
0.0648194
0.0473629
0.0393274
0.0673331
0.0816529
0.0219144
0.0539594
0.0668464

Emission vector for indel state 2:
0.0000000
0.0124340
0.0344006
0.0321780
0.0199830
0.0781430
0.0428018
0.0542753
0.0777675
0.0098938
0.0819566
0.0602398
0.0527107
0.0648194
0.0473629
0.0393274
0.0673331
0.0816529
0.0219144
0.0539594
0.0668464

Background frequencies:
0.0000000
0.0130943
0.0392555
0.0337982
0.0217588
0.0929387
0.0580356
0.0742498
0.0832357
0.0128140
0.0748388
0.0458486
0.0538641
0.0587412
0.0412874
0.0362436
0.0583080
0.0686212
0.0229008
0.0512614
0.0589045

Emission matrices:
Matrix 1 :
0.0000000 0.0000000 0.0000000 0.0000000 0.0000000 0.0000000 0.0000000 0.0000000 0.0000000 0.0000000 0.0000000 0.0000000 0.0000000 0.0000000 0.0000000 0.0000000 0.0000000 0.0000000 0.0000000 0.0000000 0.0000000
0.0000000 0.0036373 0.0017814 0.0014317 0.0004700 0.0019992 0.0011359 0.0013151 0.0011078 0.0001948 0.0005548 0.0004054 0.0006954 0.0005822 0.0003952 0.0003383 0.0003971 0.0005617 0.0003811 0.0005142 0.0004963
0.0000000 0.0017966 0.0102900 0.0043955 0.0018487 0.0094766 0.0056197 0.0062562 0.0040216 0.0008511 0.0019351 0.0011542 0.0021138 0.0016480 0.0009624 0.0009774 0.0010081 0.0012620 0.0010821 0.0014053 0.0011702
0.0000000 0.0014002 0.0042328 0.0075516 0.0011079 0.0049566 0.0027624 0.0035414 0.0027945 0.0006017 0.0014778 0.0009359 0.0016518 0.0014746 0.0010328 0.0009362 0.0010247 0.0012378 0.0012686 0.0013960 0.0012761
0.0000000 0.0004762 0.0018619 0.0011895 0.0021336 0.0056725 0.0031749 0.0032750 0.0026279 0.0004747 0.0009829 0.0006214 0.0013614 0.0010737 0.0005838 0.0006090 0.0006206 0.0007044 0.0004836 0.0008807 0.0008967
0.0000000 0.0019557 0.0095514 0.0051852 0.0057013 0.0412882 0.0180726 0.0181701 0.0105619 0.0019833 0.0036469 0.0026694 0.0049038 0.0035585 0.0020667 0.0023084 0.0020533 0.0029442 0.0017779 0.0033291 0.0031475
0.0000000 0.0011437 0.0056647 0.0030161 0.0032546 0.0182268 0.0196720 0.0171389 0.0068145 0.0013876 0.0021709 0.0017059 0.0035156 0.0023460 0.0012237 0.0014549 0.0012569 0.0017730 0.0012212 0.0020010 0.0019012
0.0000000 0.0013207 0.0063891 0.0038582 0.0033565 0.0181722 0.0171735 0.0279909 0.0108309 0.0021200 0.0035618 0.0024908 0.0054435 0.0034203 0.0017222 0.0017824 0.0017204 0.0024170 0.0014787 0.0025863 0.0025005
0.0000000 0.0010787 0.0040876 0.0030377 0.0025822 0.0104244 0.0066996 0.0108542 0.0241230 0.0022637 0.0073073 0.0028237 0.0053492 0.0057304 0.0021813 0.0022771 0.0023890 0.0031444 0.0016381 0.0030712 0.0030393
0.0000000 0.0002058 0.0009027 0.0006691 0.0005089 0.0020606 0.0014376 0.0021822 0.0023124 0.0045747 0.0010423 0.0004098 0.0010566 0.0010853 0.0004830 0.0003824 0.0004537 0.0005001 0.0003057 0.0004670 0.0004309
0.0000000 0.0004809 0.0015633 0.0013239 0.0008305 0.0029406 0.0018893 0.0030726 0.0067353 0.0008898 0.0236303 0.0017736 0.0026349 0.0039651 0.0020873 0.0012547 0.0021280 0.0018858 0.0009693 0.0017500 0.0018332
0.0000000 0.0003186 0.0009385 0.0008439 0.0005552 0.0023539 0.0014665 0.0022486 0.0025802 0.0003129 0.0017059 0.0088202 0.0015060 0.0015952 0.0009135 0.0007154 0.0011155 0.0011595 0.0005359 0.0010579 0.0010926
0.0000000 0.0005930 0.0019470 0.0015991 0.0012775 0.0045109 0.0032952 0.0050528 0.0048552 0.0009102 0.0026033 0.0014235 0.0077186 0.0039939 0.0016679 0.0013018 0.0017947 0.0018004 0.0009560 0.0018335 0.0017586
0.0000000 0.0004889 0.0015436 0.0014622 0.0009936 0.0032179 0.0021019 0.0032100 0.0053875 0.0009814 0.0040422 0.0015139 0.0040497 0.0075629 0.0022579 0.0014206 0.0022403 0.0020836 0.0010622 0.0020111 0.0017391
0.0000000 0.0002820 0.0006517 0.0008755 0.0004580 0.0014742 0.0008526 0.0012963 0.0016302 0.0003483 0.0015867 0.0006800 0.0014167 0.0018212 0.0045437 0.0008516 0.0017388 0.0010781 0.0008350 0.0010624 0.0010500
0.0000000 0.0002128 0.0007118 0.0007285 0.0004817 0.0015858 0.0009950 0.0012108 0.0016035 0.0002521 0.0008629 0.0005436 0.0009860 0.0010724 0.0007670 0.0021391 0.0008338 0.0012986 0.0006227 0.0011792 0.0010822
0.0000000 0.0002333 0.0005780 0.0006746 0.0003603 0.0011944 0.0007574 0.0010929 0.0016737 0.0002822 0.0013844 0.0006424 0.0013439 0.0016669 0.0018081 0.0009188 0.0107136 0.0021920 0.0006645 0.0010207 0.0009644
0.0000000 0.0002912 0.0006828 0.0008559 0.0004483 0.0016812 0.0010137 0.0013632 0.0017556 0.0002468 0.0011489 0.0006119 0.0012351 0.0013642 0.0009146 0.0013863 0.0020341 0.0062668 0.0007245 0.0013707 0.0013664
0.0000000 0.0003337 0.0009347 0.0012154 0.0004419 0.0014269 0.0009668 0.0011901 0.0013044 0.0002482 0.0008605 0.0004210 0.0008281 0.0009555 0.0008988 0.0007042 0.0007879 0.0008940 0.0046766 0.0009558 0.0007218
0.0000000 0.0003036 0.0008144 0.0009712 0.0006220 0.0019077 0.0011727 0.0015098 0.0018166 0.0002510 0.0011594 0.0007107 0.0012525 0.0012748 0.0009224 0.0010725 0.0009681 0.0013363 0.0007592 0.0060364 0.0020701
0.0000000 0.0001877 0.0005079 0.0006010 0.0003993 0.0013547 0.0008244 0.0009919 0.0013640 0.0001871 0.0007385 0.0004512 0.0008214 0.0007737 0.0006426 0.0007808 0.0005911 0.0009080 0.0004328 0.0015465 0.0041215

Matrix 2 :
0.0000000 0.0000000 0.0000000 0.0000000 0.0000000 0.0000000 0.0000000 0.0000000 0.0000000 0.0000000 0.0000000 0.0000000 0.0000000 0.0000000 0.0000000 0.0000000 0.0000000 0.0000000 0.0000000 0.0000000 0.0000000
0.0000000 0.0006837 0.0003689 0.0004774 0.0001669 0.0005537 0.0003150 0.0003697 0.0004665 0.0000575 0.0003498 0.0002449 0.0004071 0.0003798 0.0002875 0.0002748 0.0003604 0.0005208 0.0001893 0.0004229 0.0003769
0.0000000 0.0003509 0.0017699 0.0011508 0.0004984 0.0018126 0.0008733 0.0013267 0.0013404 0.0001988 0.0009465 0.0007095 0.0009980 0.0011273 0.0007413 0.0007555 0.0008653 0.0012445 0.0005273 0.0009545 0.0010735
0.0000000 0.0005147 0.0013436 0.0024980 0.0005532 0.0017725 0.0011051 0.0014240 0.0017242 0.0002102 0.0013966 0.0008436 0.0012918 0.0014943 0.0010933 0.0010187 0.0012689 0.0016122 0.0009156 0.0015562 0.0015292
0.0000000 0.0001596 0.0004827 0.0004565 0.0007476 0.0013075 0.0007294 0.0008748 0.0010294 0.0001271 0.0007056 0.0005250 0.0008253 0.0008116 0.0005856 0.0006473 0.0007090 0.0010519 0.0003711 0.0008488 0.0009552
0.0000000 0.0006052 0.0017240 0.0015016 0.0012733 0.0058324 0.0027001 0.0030227 0.0032712 0.0003558 0.0019222 0.0016638 0.0023083 0.0023312 0.0017411 0.0019455 0.0019878 0.0033263 0.0009191 0.0027075 0.0030794
0.0000000 0.0003057 0.0008199 0.0008043 0.0006350 0.0025173 0.0023224 0.0023160 0.0016231 0.0001836 0.0010382 0.0009892 0.0016167 0.0012612 0.0008204 0.0009417 0.0010704 0.0017343 0.0005112 0.0015648 0.0017083
0.0000000 0.0003630 0.0011691 0.0010486 0.0007782 0.0030202 0.0022750 0.0037354 0.0026450 0.0003013 0.0016167 0.0015305 0.0023915 0.0020557 0.0014881 0.0013859 0.0017294 0.0027911 0.0008463 0.0022285 0.0024960
0.0000000 0.0005010 0.0012622 0.0014359 0.0010835 0.0034342 0.0017592 0.0026173 0.0079756 0.0004358 0.0043528 0.0030397 0.0033133 0.0042498 0.0028189 0.0031609 0.0044107 0.0066430 0.0013349 0.0041089 0.0053063
0.0000000 0.0000445 0.0001376 0.0001302 0.0000866 0.0002642 0.0001243 0.0002275 0.0003781 0.0009549 0.0002487 0.0001841 0.0002073 0.0002851 0.0001970 0.0001556 0.0002565 0.0002470 0.0001201 0.0002856 0.0002876
0.0000000 0.0004374 0.0013872 0.0015790 0.0008862 0.0027593 0.0013720 0.0021964 0.0050308 0.0004294 0.0272768 0.0031442 0.0029912 0.0045750 0.0044958 0.0025856 0.0049877 0.0050004 0.0015639 0.0035130 0.0043879
0.0000000 0.0003478 0.0009652 0.0009528 0.0006035 0.0020377 0.0012730 0.0018177 0.0033282 0.0002990 0.0032244 0.0100254 0.0025442 0.0031635 0.0021578 0.0018133 0.0033176 0.0039392 0.0008896 0.0024286 0.0032965
0.0000000 0.0005285 0.0011957 0.0013543 0.0009248 0.0027740 0.0018780 0.0028546 0.0038988 0.0003809 0.0030287 0.0026419 0.0075417 0.0051030 0.0029855 0.0027220 0.0041381 0.0048095 0.0012506 0.0035433 0.0044661
0.0000000 0.0004905 0.0012511 0.0015090 0.0009065 0.0027348 0.0015506 0.0023049 0.0046562 0.0004082 0.0044836 0.0032600 0.0050368 0.0079161 0.0038099 0.0029732 0.0051819 0.0058700 0.0014897 0.0037721 0.0048981
0.0000000 0.0004216 0.0011095 0.0012797 0.0007347 0.0024433 0.0012603 0.0019928 0.0034721 0.0003567 0.0050891 0.0024345 0.0032832 0.0043275 0.0060808 0.0025937 0.0053669 0.0048078 0.0015498 0.0034197 0.0044152
0.0000000 0.0004235 0.0010704 0.0012649 0.0007982 0.0028019 0.0014868 0.0020634 0.0039592 0.0003100 0.0030501 0.0020170 0.0030963 0.0033859 0.0026939 0.0044970 0.0040352 0.0064915 0.0014012 0.0040496 0.0054090
0.0000000 0.0005546 0.0013751 0.0016838 0.0010175 0.0030057 0.0016624 0.0024732 0.0052585 0.0004597 0.0058689 0.0038783 0.0046724 0.0058615 0.0052847 0.0039345 0.0151569 0.0094909 0.0018140 0.0046252 0.0061629
0.0000000 0.0008413 0.0019310 0.0020648 0.0013555 0.0048231 0.0026342 0.0040399 0.0082889 0.0005472 0.0058738 0.0045882 0.0054795 0.0067226 0.0050016 0.0063874 0.0096781 0.0189769 0.0024600 0.0071895 0.0099645
0.0000000 0.0002454 0.0007019 0.0009786 0.0004206 0.0013351 0.0008128 0.0011883 0.0017303 0.0001883 0.0016929 0.0010257 0.0014022 0.0016162 0.0014741 0.0013047 0.0016677 0.0022591 0.0023239 0.0017625 0.0018821
0.0000000 0.0006725 0.0016548 0.0020597 0.0011554 0.0043921 0.0025465 0.0035043 0.0055959 0.0005415 0.0042130 0.0028401 0.0042319 0.0046447 0.0035857 0.0041760 0.0046876 0.0072303 0.0019955 0.0106083 0.0081322
0.0000000 0.0007426 0.0018585 0.0023293 0.0015447 0.0052043 0.0029845 0.0042840 0.0072918 0.0005765 0.0056854 0.0040567 0.0055768 0.0060422 0.0048979 0.0057663 0.0066053 0.0105078 0.0022246 0.0087527 0.0145879

Matrix 3 :
0.0000000 0.0000000 0.0000000 0.0000000 0.0000000 0.0000000 0.0000000 0.0000000 0.0000000 0.0000000 0.0000000 0.0000000 0.0000000 0.0000000 0.0000000 0.0000000 0.0000000 0.0000000 0.0000000 0.0000000 0.0000000
0.0000000 0.0003521 0.0005668 0.0004991 0.0002524 0.0009064 0.0004915 0.0006406 0.0010038 0.0001932 0.0010271 0.0009045 0.0007371 0.0008231 0.0006917 0.0004435 0.0009146 0.0010151 0.0002764 0.0006773 0.0007511
0.0000000 0.0005668 0.0015983 0.0010112 0.0007129 0.0030690 0.0017525 0.0021794 0.0027785 0.0004038 0.0029071 0.0021506 0.0018867 0.0020858 0.0015721 0.0013870 0.0023995 0.0026081 0.0007977 0.0017368 0.0023036
0.0000000 0.0004991 0.0010112 0.0013390 0.0006329 0.0022339 0.0013471 0.0016849 0.0022112 0.0002771 0.0025474 0.0020584 0.0018089 0.0020933 0.0014755 0.0011789 0.0018908 0.0022643 0.0007010 0.0016001 0.0017932
0.0000000 0.0002524 0.0007129 0.0006329 0.0004909 0.0015844 0.0009435 0.0010883 0.0017273 0.0002030 0.0015866 0.0012809 0.0011299 0.0011032 0.0008061 0.0007016 0.0012723 0.0016091 0.0004142 0.0011194 0.0012872
0.0000000 0.0009064 0.0030690 0.0022339 0.0015844 0.0072099 0.0035483 0.0043427 0.0056352 0.0008674 0.0060078 0.0047776 0.0039140 0.0049174 0.0034289 0.0032594 0.0048560 0.0057794 0.0018122 0.0039841 0.0048021
0.0000000 0.0004915 0.0017525 0.0013471 0.0009435 0.0035483 0.0021145 0.0028523 0.0031553 0.0003389 0.0036380 0.0027412 0.0021191 0.0027319 0.0018577 0.0015564 0.0026950 0.0032673 0.0010240 0.0024844 0.0027177
0.0000000 0.0006406 0.0021794 0.0016849 0.0010883 0.0043427 0.0028523 0.0040605 0.0045288 0.0005234 0.0044083 0.0036050 0.0033820 0.0031932 0.0024294 0.0022149 0.0034710 0.0040165 0.0013277 0.0029530 0.0037616
0.0000000 0.0010038 0.0027785 0.0022112 0.0017273 0.0056352 0.0031553 0.0045288 0.0065483 0.0006622 0.0065532 0.0051896 0.0040316 0.0050347 0.0034900 0.0030034 0.0049739 0.0058914 0.0019294 0.0040158 0.0047939
0.0000000 0.0001932 0.0004038 0.0002771 0.0002030 0.0008674 0.0003389 0.0005234 0.0006622 0.0006031 0.0011226 0.0007385 0.0005821 0.0007399 0.0004795 0.0004228 0.0007187 0.0007911 0.0002426 0.0005018 0.0006326
0.0000000 0.0010271 0.0029071 0.0025474 0.0015866 0.0060078 0.0036380 0.0044083 0.0065532 0.0011226 0.0099949 0.0059162 0.0049237 0.0056857 0.0041130 0.0032392 0.0057120 0.0058909 0.0021191 0.0044342 0.0048737
0.0000000 0.0009045 0.0021506 0.0020584 0.0012809 0.0047776 0.0027412 0.0036050 0.0051896 0.0007385 0.0059162 0.0051231 0.0035456 0.0047164 0.0030121 0.0024144 0.0043155 0.0049406 0.0016055 0.0032881 0.0040547
0.0000000 0.0007371 0.0018867 0.0018089 0.0011299 0.0039140 0.0021191 0.0033820 0.0040316 0.0005821 0.0049237 0.0035456 0.0031380 0.0035142 0.0026182 0.0020463 0.0035271 0.0038910 0.0012165 0.0025739 0.0032921
0.0000000 0.0008231 0.0020858 0.0020933 0.0011032 0.0049174 0.0027319 0.0031932 0.0050347 0.0007399 0.0056857 0.0047164 0.0035142 0.0051990 0.0032374 0.0023204 0.0044870 0.0046295 0.0013333 0.0032047 0.0042405
0.0000000 0.0006917 0.0015721 0.0014755 0.0008061 0.0034289 0.0018577 0.0024294 0.0034900 0.0004795 0.0041130 0.0030121 0.0026182 0.0032374 0.0024015 0.0019741 0.0032847 0.0031856 0.0008953 0.0022532 0.0026073
0.0000000 0.0004435 0.0013870 0.0011789 0.0007016 0.0032594 0.0015564 0.0022149 0.0030034 0.0004228 0.0032392 0.0024144 0.0020463 0.0023204 0.0019741 0.0016630 0.0023608 0.0025936 0.0009189 0.0019572 0.0022422
0.0000000 0.0009146 0.0023995 0.0018908 0.0012723 0.0048560 0.0026950 0.0034710 0.0049739 0.0007187 0.0057120 0.0043155 0.0035271 0.0044870 0.0032847 0.0023608 0.0051013 0.0055312 0.0014436 0.0030160 0.0043278
0.0000000 0.0010151 0.0026081 0.0022643 0.0016091 0.0057794 0.0032673 0.0040165 0.0058914 0.0007911 0.0058909 0.0049406 0.0038910 0.0046295 0.0031856 0.0025936 0.0055312 0.0069499 0.0016390 0.0039265 0.0050686
0.0000000 0.0002764 0.0007977 0.0007010 0.0004142 0.0018122 0.0010240 0.0013277 0.0019294 0.0002426 0.0021191 0.0016055 0.0012165 0.0013333 0.0008953 0.0009189 0.0014436 0.0016390 0.0007321 0.0013656 0.0012972
0.0000000 0.0006773 0.0017368 0.0016001 0.0011194 0.0039841 0.0024844 0.0029530 0.0040158 0.0005018 0.0044342 0.0032881 0.0025739 0.0032047 0.0022532 0.0019572 0.0030160 0.0039265 0.0013656 0.0032149 0.0033182
0.0000000 0.0007511 0.0023036 0.0017932 0.0012872 0.0048021 0.0027177 0.0037616 0.0047939 0.0006326 0.0048737 0.0040547 0.0032921 0.0042405 0.0026073 0.0022422 0.0043278 0.0050686 0.0012972 0.0033182 0.0045245


