ss 3
solv 1
unaligned 1

Transition matrix:
0.0000000 0.0001421 0.0001421 0.0684466 0.0212621 0.4549325 0.4549325 0.0001421
0.0000000 0.8939907 0.0008182 0.0719477 0.0114935 0.0153536 0.0063930 0.0000033
0.0000000 0.0060550 0.7852368 0.1810235 0.0086597 0.0116153 0.0074057 0.0000041
0.0000000 0.0673458 0.1382430 0.6814407 0.0292361 0.0358854 0.0472070 0.0006419
0.0000000 0.0320889 0.0247407 0.1096738 0.7157820 0.0584688 0.0584688 0.0007770
0.0000000 0.0127571 0.0118190 0.0522752 0.0390954 0.8768915 0.0000045 0.0071574
0.0000000 0.0073229 0.0065044 0.0630206 0.0390937 0.0000045 0.8768541 0.0071998
0.0000000 0.1428571 0.1428571 0.1428571 0.1428571 0.1428571 0.1428571 0.1428571

Emission vector for indel state 1:
0.0000000
0.0124340
0.0344006
0.0321780
0.0199830
0.0781430
0.0428018
0.0542753
0.0777675
0.0098938
0.0819566
0.0602398
0.0527107
0.0648194
0.0473629
0.0393274
0.0673331
0.0816529
0.0219144
0.0539594
0.0668464

Emission vector for indel state 2:
0.0000000
0.0124340
0.0344006
0.0321780
0.0199830
0.0781430
0.0428018
0.0542753
0.0777675
0.0098938
0.0819566
0.0602398
0.0527107
0.0648194
0.0473629
0.0393274
0.0673331
0.0816529
0.0219144
0.0539594
0.0668464

Background frequencies:
0.0000000
0.0130943
0.0392555
0.0337982
0.0217588
0.0929387
0.0580356
0.0742498
0.0832357
0.0128140
0.0748388
0.0458486
0.0538641
0.0587412
0.0412874
0.0362436
0.0583080
0.0686212
0.0229008
0.0512614
0.0589045

Emission matrices:
Matrix 1 :
0.0000000 0.0000000 0.0000000 0.0000000 0.0000000 0.0000000 0.0000000 0.0000000 0.0000000 0.0000000 0.0000000 0.0000000 0.0000000 0.0000000 0.0000000 0.0000000 0.0000000 0.0000000 0.0000000 0.0000000 0.0000000
0.0000000 0.0020557 0.0011097 0.0009732 0.0003878 0.0016620 0.0008098 0.0008114 0.0010265 0.0001236 0.0003087 0.0001981 0.0004375 0.0004072 0.0002772 0.0003601 0.0003854 0.0006988 0.0003100 0.0005551 0.0005090
0.0000000 0.0010549 0.0061896 0.0024829 0.0013494 0.0070280 0.0028900 0.0031205 0.0035249 0.0004331 0.0009711 0.0005817 0.0012802 0.0010865 0.0006892 0.0010635 0.0008147 0.0014028 0.0007481 0.0011357 0.0012184
0.0000000 0.0009595 0.0024900 0.0041950 0.0009787 0.0041591 0.0018345 0.0019030 0.0028365 0.0003060 0.0009963 0.0005190 0.0011541 0.0012833 0.0008543 0.0011266 0.0009666 0.0016104 0.0009347 0.0016072 0.0014746
0.0000000 0.0004028 0.0013713 0.0010087 0.0018708 0.0053285 0.0025502 0.0024178 0.0029106 0.0003528 0.0007820 0.0004401 0.0010974 0.0010294 0.0006027 0.0008838 0.0007582 0.0012168 0.0005022 0.0011580 0.0012161
0.0000000 0.0016468 0.0072653 0.0043191 0.0053331 0.0353600 0.0127928 0.0112497 0.0117118 0.0014883 0.0027079 0.0015744 0.0039957 0.0035649 0.0022143 0.0031395 0.0023939 0.0046306 0.0017156 0.0044542 0.0044824
0.0000000 0.0008308 0.0030120 0.0019733 0.0025850 0.0130522 0.0098428 0.0071353 0.0061015 0.0007920 0.0014057 0.0009203 0.0022839 0.0018823 0.0010371 0.0014981 0.0011834 0.0022872 0.0009110 0.0021732 0.0020603
0.0000000 0.0008100 0.0032446 0.0019869 0.0024599 0.0115310 0.0071460 0.0094493 0.0082206 0.0009539 0.0018098 0.0012455 0.0030902 0.0023648 0.0014065 0.0017743 0.0016887 0.0028678 0.0010358 0.0024493 0.0024959
0.0000000 0.0010590 0.0036580 0.0029659 0.0029121 0.0119490 0.0060931 0.0083492 0.0284296 0.0018259 0.0061177 0.0024244 0.0054344 0.0064030 0.0029817 0.0044895 0.0043508 0.0080848 0.0019136 0.0055802 0.0061778
0.0000000 0.0001172 0.0004010 0.0003034 0.0003278 0.0014714 0.0007474 0.0008502 0.0017370 0.0020715 0.0003699 0.0001320 0.0004910 0.0004878 0.0002115 0.0002808 0.0002706 0.0003765 0.0001430 0.0003106 0.0003232
0.0000000 0.0002741 0.0007375 0.0007500 0.0006445 0.0021084 0.0011548 0.0014837 0.0052450 0.0003046 0.0075676 0.0007933 0.0014418 0.0023022 0.0010101 0.0012850 0.0013229 0.0023155 0.0005952 0.0015821 0.0015542
0.0000000 0.0001334 0.0004762 0.0004129 0.0003133 0.0011422 0.0007166 0.0010516 0.0019216 0.0001182 0.0008139 0.0035074 0.0008180 0.0011147 0.0006167 0.0007539 0.0011607 0.0016860 0.0003108 0.0010458 0.0010836
0.0000000 0.0004151 0.0012828 0.0011106 0.0010837 0.0038023 0.0021795 0.0029295 0.0050872 0.0004886 0.0016983 0.0009286 0.0043580 0.0026822 0.0014123 0.0018416 0.0019118 0.0029796 0.0007096 0.0020531 0.0025118
0.0000000 0.0003413 0.0010947 0.0011996 0.0009647 0.0032547 0.0016967 0.0022163 0.0059940 0.0005028 0.0024746 0.0011634 0.0025910 0.0048319 0.0019904 0.0021040 0.0024966 0.0041111 0.0009349 0.0026995 0.0029516
0.0000000 0.0002669 0.0005534 0.0007851 0.0005299 0.0018590 0.0008287 0.0011778 0.0026037 0.0001842 0.0012204 0.0006824 0.0012559 0.0019059 0.0030180 0.0018075 0.0019245 0.0029908 0.0007895 0.0021140 0.0025541
0.0000000 0.0003829 0.0011040 0.0011027 0.0008669 0.0030858 0.0014552 0.0017215 0.0044067 0.0002919 0.0016074 0.0010470 0.0020068 0.0023422 0.0020012 0.0046015 0.0029993 0.0058595 0.0011473 0.0034965 0.0045504
0.0000000 0.0003269 0.0006931 0.0008622 0.0007027 0.0020408 0.0010421 0.0014692 0.0040051 0.0002635 0.0015237 0.0012511 0.0018666 0.0025829 0.0020408 0.0027769 0.0082283 0.0068733 0.0009776 0.0030059 0.0036623
0.0000000 0.0007114 0.0013673 0.0016026 0.0012327 0.0046939 0.0022590 0.0028587 0.0081469 0.0004289 0.0030943 0.0020572 0.0031393 0.0046611 0.0034492 0.0060105 0.0075322 0.0195403 0.0019528 0.0061040 0.0078470
0.0000000 0.0002896 0.0007134 0.0009208 0.0004845 0.0015254 0.0008231 0.0009712 0.0017449 0.0001597 0.0006748 0.0003761 0.0007030 0.0009374 0.0007780 0.0010827 0.0010448 0.0018803 0.0023758 0.0012925 0.0013379
0.0000000 0.0005760 0.0011761 0.0016172 0.0011382 0.0043615 0.0020852 0.0024343 0.0055670 0.0003389 0.0020617 0.0012867 0.0023227 0.0030182 0.0023089 0.0034865 0.0031496 0.0060616 0.0013675 0.0097060 0.0063435
0.0000000 0.0005243 0.0011164 0.0014778 0.0011605 0.0043826 0.0019874 0.0024221 0.0061730 0.0003310 0.0021786 0.0013669 0.0024905 0.0032040 0.0027790 0.0045485 0.0039275 0.0077328 0.0013725 0.0062819 0.0110328

Matrix 2 :
0.0000000 0.0000000 0.0000000 0.0000000 0.0000000 0.0000000 0.0000000 0.0000000 0.0000000 0.0000000 0.0000000 0.0000000 0.0000000 0.0000000 0.0000000 0.0000000 0.0000000 0.0000000 0.0000000 0.0000000 0.0000000
0.0000000 0.0036078 0.0015884 0.0013506 0.0003883 0.0014760 0.0010746 0.0013730 0.0008182 0.0001940 0.0004889 0.0002934 0.0009055 0.0005494 0.0003658 0.0002878 0.0003224 0.0004725 0.0003141 0.0005144 0.0004612
0.0000000 0.0015705 0.0093167 0.0045966 0.0016221 0.0073244 0.0061496 0.0074930 0.0029734 0.0008890 0.0016451 0.0009428 0.0023315 0.0018548 0.0008300 0.0008812 0.0009264 0.0013920 0.0010112 0.0014827 0.0012171
0.0000000 0.0013632 0.0045253 0.0086657 0.0010050 0.0042717 0.0032569 0.0048429 0.0023337 0.0006469 0.0014603 0.0008656 0.0022957 0.0018272 0.0010308 0.0011253 0.0010968 0.0014394 0.0014259 0.0017262 0.0015026
0.0000000 0.0003743 0.0016049 0.0009675 0.0013095 0.0034583 0.0026391 0.0030818 0.0014838 0.0003590 0.0006754 0.0003807 0.0012955 0.0008958 0.0004704 0.0004403 0.0003920 0.0006308 0.0003848 0.0007073 0.0006713
0.0000000 0.0014795 0.0071708 0.0042080 0.0035019 0.0264719 0.0160462 0.0183682 0.0055147 0.0014646 0.0025369 0.0019680 0.0044145 0.0028011 0.0015013 0.0016928 0.0015491 0.0022774 0.0014233 0.0024045 0.0022698
0.0000000 0.0011050 0.0062503 0.0033063 0.0027334 0.0164458 0.0233153 0.0224019 0.0052037 0.0014391 0.0021309 0.0014826 0.0042621 0.0024819 0.0012653 0.0014985 0.0013929 0.0019978 0.0012529 0.0022190 0.0022448
0.0000000 0.0014283 0.0076085 0.0048845 0.0032026 0.0188186 0.0222834 0.0395205 0.0097653 0.0024498 0.0041371 0.0024396 0.0072166 0.0041608 0.0020316 0.0021881 0.0019552 0.0035538 0.0018730 0.0035243 0.0033816
0.0000000 0.0007760 0.0028673 0.0021454 0.0014314 0.0054091 0.0048719 0.0091493 0.0109571 0.0014089 0.0049021 0.0017426 0.0037804 0.0035767 0.0012759 0.0013064 0.0015150 0.0020234 0.0011346 0.0020043 0.0019392
0.0000000 0.0001811 0.0008751 0.0006508 0.0003731 0.0014460 0.0013426 0.0023972 0.0014361 0.0033510 0.0008295 0.0003213 0.0008899 0.0008494 0.0002979 0.0003027 0.0002909 0.0003644 0.0002735 0.0004974 0.0004464
0.0000000 0.0003526 0.0013717 0.0011453 0.0006031 0.0021072 0.0017056 0.0032420 0.0047682 0.0008066 0.0169200 0.0009396 0.0020672 0.0029332 0.0011965 0.0008028 0.0013689 0.0015560 0.0006876 0.0012724 0.0012827
0.0000000 0.0001919 0.0005487 0.0004186 0.0002525 0.0012803 0.0008181 0.0013631 0.0012474 0.0001918 0.0007135 0.0043472 0.0010760 0.0009680 0.0005568 0.0004326 0.0006797 0.0010287 0.0002770 0.0006886 0.0007286
0.0000000 0.0008049 0.0022272 0.0021455 0.0012636 0.0042661 0.0040089 0.0067013 0.0039721 0.0008791 0.0026057 0.0016804 0.0103373 0.0050367 0.0021233 0.0021354 0.0025760 0.0036951 0.0013924 0.0032615 0.0035055
0.0000000 0.0005254 0.0016919 0.0016091 0.0008919 0.0025284 0.0021716 0.0036617 0.0034784 0.0008115 0.0031469 0.0013616 0.0049299 0.0067766 0.0021422 0.0016674 0.0022446 0.0027278 0.0011528 0.0024183 0.0024478
0.0000000 0.0003070 0.0006696 0.0008897 0.0003801 0.0011921 0.0010000 0.0016299 0.0012334 0.0002630 0.0012573 0.0007639 0.0019446 0.0019834 0.0034704 0.0007848 0.0019163 0.0014688 0.0007808 0.0012716 0.0014528
0.0000000 0.0002680 0.0008151 0.0010591 0.0004297 0.0016256 0.0013639 0.0020013 0.0013714 0.0002700 0.0010515 0.0007262 0.0021078 0.0017749 0.0009369 0.0023964 0.0011315 0.0022021 0.0008372 0.0019923 0.0018312
0.0000000 0.0002658 0.0007094 0.0008136 0.0003068 0.0011132 0.0009574 0.0013024 0.0014578 0.0002534 0.0014408 0.0008663 0.0021236 0.0019888 0.0019117 0.0009393 0.0081972 0.0025994 0.0007697 0.0014390 0.0015652
0.0000000 0.0004963 0.0012290 0.0012848 0.0006168 0.0021859 0.0018435 0.0031102 0.0020805 0.0003761 0.0018673 0.0015589 0.0035289 0.0027807 0.0016375 0.0021716 0.0029775 0.0077543 0.0012671 0.0029424 0.0036036
0.0000000 0.0002906 0.0009300 0.0013354 0.0003810 0.0013999 0.0011579 0.0017109 0.0011090 0.0002596 0.0008593 0.0004769 0.0013257 0.0012204 0.0008987 0.0008410 0.0008921 0.0012937 0.0036968 0.0012426 0.0011207
0.0000000 0.0004763 0.0014033 0.0016036 0.0007103 0.0023593 0.0021510 0.0032875 0.0021119 0.0005072 0.0015927 0.0011315 0.0032656 0.0025261 0.0015180 0.0020014 0.0018385 0.0030763 0.0012828 0.0076209 0.0041107
0.0000000 0.0004302 0.0011092 0.0014262 0.0007229 0.0021360 0.0020443 0.0031694 0.0021825 0.0003942 0.0016907 0.0013593 0.0034607 0.0025788 0.0016419 0.0018686 0.0018962 0.0035668 0.0011631 0.0041015 0.0071377

Matrix 3 :
0.0000000 0.0000000 0.0000000 0.0000000 0.0000000 0.0000000 0.0000000 0.0000000 0.0000000 0.0000000 0.0000000 0.0000000 0.0000000 0.0000000 0.0000000 0.0000000 0.0000000 0.0000000 0.0000000 0.0000000 0.0000000
0.0000000 0.0015101 0.0008217 0.0007516 0.0002398 0.0009399 0.0004828 0.0005835 0.0006199 0.0000963 0.0005817 0.0004854 0.0004258 0.0005227 0.0003963 0.0002813 0.0004215 0.0004556 0.0002653 0.0003681 0.0003681
0.0000000 0.0008851 0.0043888 0.0020436 0.0008322 0.0039887 0.0019408 0.0021974 0.0019944 0.0004132 0.0018298 0.0012952 0.0013560 0.0013742 0.0010434 0.0007026 0.0010737 0.0010168 0.0007668 0.0010468 0.0009753
0.0000000 0.0007547 0.0020902 0.0036335 0.0006297 0.0023205 0.0012251 0.0014905 0.0017979 0.0003641 0.0018328 0.0012586 0.0011893 0.0014115 0.0012725 0.0007237 0.0013226 0.0012042 0.0010283 0.0011532 0.0012352
0.0000000 0.0002366 0.0008251 0.0006303 0.0013031 0.0023259 0.0011702 0.0012819 0.0012791 0.0002520 0.0010601 0.0008514 0.0010010 0.0009298 0.0006556 0.0005330 0.0007751 0.0007163 0.0004060 0.0007200 0.0008463
0.0000000 0.0009512 0.0038866 0.0022220 0.0022891 0.0145866 0.0056915 0.0059014 0.0044008 0.0008435 0.0032331 0.0029688 0.0029386 0.0026237 0.0019582 0.0015677 0.0020393 0.0023662 0.0010558 0.0022348 0.0025000
0.0000000 0.0004410 0.0017544 0.0010615 0.0010681 0.0051567 0.0048099 0.0043038 0.0023486 0.0004302 0.0015223 0.0017189 0.0017731 0.0013491 0.0008742 0.0007603 0.0009974 0.0010900 0.0006189 0.0011515 0.0012660
0.0000000 0.0005435 0.0019981 0.0013829 0.0011534 0.0053088 0.0043823 0.0067935 0.0040441 0.0007274 0.0023654 0.0024980 0.0025548 0.0021711 0.0014959 0.0010061 0.0015862 0.0016129 0.0008212 0.0015767 0.0018423
0.0000000 0.0006216 0.0019521 0.0018203 0.0013168 0.0042630 0.0026037 0.0043861 0.0103483 0.0010783 0.0065880 0.0042563 0.0039620 0.0049180 0.0029015 0.0020565 0.0037085 0.0037245 0.0013944 0.0028379 0.0037510
0.0000000 0.0001117 0.0004529 0.0003635 0.0002644 0.0008728 0.0005428 0.0008612 0.0011392 0.0033677 0.0008514 0.0004575 0.0006662 0.0008352 0.0005235 0.0002613 0.0005048 0.0004088 0.0002552 0.0003689 0.0003459
0.0000000 0.0007148 0.0022468 0.0022924 0.0012395 0.0041005 0.0020684 0.0033304 0.0074843 0.0009281 0.0477014 0.0049575 0.0045802 0.0069919 0.0066636 0.0031839 0.0069063 0.0055274 0.0022456 0.0044039 0.0056055
0.0000000 0.0006202 0.0016853 0.0016887 0.0010628 0.0038759 0.0024003 0.0034776 0.0050844 0.0005667 0.0051072 0.0184617 0.0037181 0.0044094 0.0029651 0.0022283 0.0040784 0.0041581 0.0013668 0.0030127 0.0040536
0.0000000 0.0005213 0.0014314 0.0013410 0.0010374 0.0032258 0.0020571 0.0030856 0.0041360 0.0006764 0.0039447 0.0031665 0.0086118 0.0057603 0.0031648 0.0019159 0.0039556 0.0029712 0.0012157 0.0026481 0.0030618
0.0000000 0.0006008 0.0014882 0.0016505 0.0009917 0.0031101 0.0017499 0.0026788 0.0053646 0.0008498 0.0066752 0.0040716 0.0059232 0.0110649 0.0044757 0.0025020 0.0055802 0.0043573 0.0016324 0.0032211 0.0039460
0.0000000 0.0004496 0.0012870 0.0014408 0.0007895 0.0025130 0.0012622 0.0020042 0.0032782 0.0005745 0.0064263 0.0027508 0.0034407 0.0046712 0.0086030 0.0021492 0.0058494 0.0035778 0.0017881 0.0028148 0.0034703
0.0000000 0.0002754 0.0007150 0.0007949 0.0005562 0.0016668 0.0008998 0.0011935 0.0020836 0.0002755 0.0027042 0.0017419 0.0017857 0.0022044 0.0018590 0.0025674 0.0025302 0.0027779 0.0009330 0.0019498 0.0026213
0.0000000 0.0005171 0.0013465 0.0016291 0.0008893 0.0026866 0.0014510 0.0022732 0.0040667 0.0005393 0.0066694 0.0038567 0.0043342 0.0056922 0.0057467 0.0028765 0.0202506 0.0064911 0.0017002 0.0032816 0.0043770
0.0000000 0.0004265 0.0011707 0.0013265 0.0007123 0.0023766 0.0012308 0.0019518 0.0036251 0.0003522 0.0045844 0.0034239 0.0029493 0.0038160 0.0030337 0.0026628 0.0056078 0.0084933 0.0013113 0.0029556 0.0042397
0.0000000 0.0003014 0.0008590 0.0011084 0.0004249 0.0012468 0.0007700 0.0010010 0.0015674 0.0002503 0.0020449 0.0011581 0.0012713 0.0015797 0.0017107 0.0009891 0.0015476 0.0013578 0.0046437 0.0014173 0.0012751
0.0000000 0.0003774 0.0010691 0.0012355 0.0007359 0.0023531 0.0012825 0.0017671 0.0027696 0.0003358 0.0037274 0.0024626 0.0023991 0.0028498 0.0024531 0.0019521 0.0028526 0.0028944 0.0013190 0.0070608 0.0040201
0.0000000 0.0003773 0.0011488 0.0012892 0.0008586 0.0026909 0.0014820 0.0020679 0.0035740 0.0003777 0.0047314 0.0033249 0.0031146 0.0036180 0.0031241 0.0025951 0.0038881 0.0043714 0.0012119 0.0040832 0.0082894

Matrix 4 :
0.0000000 0.0000000 0.0000000 0.0000000 0.0000000 0.0000000 0.0000000 0.0000000 0.0000000 0.0000000 0.0000000 0.0000000 0.0000000 0.0000000 0.0000000 0.0000000 0.0000000 0.0000000 0.0000000 0.0000000 0.0000000
0.0000000 0.0003521 0.0005668 0.0004991 0.0002524 0.0009064 0.0004915 0.0006406 0.0010038 0.0001932 0.0010271 0.0009045 0.0007371 0.0008231 0.0006917 0.0004435 0.0009146 0.0010151 0.0002764 0.0006773 0.0007511
0.0000000 0.0005668 0.0015983 0.0010112 0.0007129 0.0030690 0.0017525 0.0021794 0.0027785 0.0004038 0.0029071 0.0021506 0.0018867 0.0020858 0.0015721 0.0013870 0.0023995 0.0026081 0.0007977 0.0017368 0.0023036
0.0000000 0.0004991 0.0010112 0.0013390 0.0006329 0.0022339 0.0013471 0.0016849 0.0022112 0.0002771 0.0025474 0.0020584 0.0018089 0.0020933 0.0014755 0.0011789 0.0018908 0.0022643 0.0007010 0.0016001 0.0017932
0.0000000 0.0002524 0.0007129 0.0006329 0.0004909 0.0015844 0.0009435 0.0010883 0.0017273 0.0002030 0.0015866 0.0012809 0.0011299 0.0011032 0.0008061 0.0007016 0.0012723 0.0016091 0.0004142 0.0011194 0.0012872
0.0000000 0.0009064 0.0030690 0.0022339 0.0015844 0.0072099 0.0035483 0.0043427 0.0056352 0.0008674 0.0060078 0.0047776 0.0039140 0.0049174 0.0034289 0.0032594 0.0048560 0.0057794 0.0018122 0.0039841 0.0048021
0.0000000 0.0004915 0.0017525 0.0013471 0.0009435 0.0035483 0.0021145 0.0028523 0.0031553 0.0003389 0.0036380 0.0027412 0.0021191 0.0027319 0.0018577 0.0015564 0.0026950 0.0032673 0.0010240 0.0024844 0.0027177
0.0000000 0.0006406 0.0021794 0.0016849 0.0010883 0.0043427 0.0028523 0.0040605 0.0045288 0.0005234 0.0044083 0.0036050 0.0033820 0.0031932 0.0024294 0.0022149 0.0034710 0.0040165 0.0013277 0.0029530 0.0037616
0.0000000 0.0010038 0.0027785 0.0022112 0.0017273 0.0056352 0.0031553 0.0045288 0.0065483 0.0006622 0.0065532 0.0051896 0.0040316 0.0050347 0.0034900 0.0030034 0.0049739 0.0058914 0.0019294 0.0040158 0.0047939
0.0000000 0.0001932 0.0004038 0.0002771 0.0002030 0.0008674 0.0003389 0.0005234 0.0006622 0.0006031 0.0011226 0.0007385 0.0005821 0.0007399 0.0004795 0.0004228 0.0007187 0.0007911 0.0002426 0.0005018 0.0006326
0.0000000 0.0010271 0.0029071 0.0025474 0.0015866 0.0060078 0.0036380 0.0044083 0.0065532 0.0011226 0.0099949 0.0059162 0.0049237 0.0056857 0.0041130 0.0032392 0.0057120 0.0058909 0.0021191 0.0044342 0.0048737
0.0000000 0.0009045 0.0021506 0.0020584 0.0012809 0.0047776 0.0027412 0.0036050 0.0051896 0.0007385 0.0059162 0.0051231 0.0035456 0.0047164 0.0030121 0.0024144 0.0043155 0.0049406 0.0016055 0.0032881 0.0040547
0.0000000 0.0007371 0.0018867 0.0018089 0.0011299 0.0039140 0.0021191 0.0033820 0.0040316 0.0005821 0.0049237 0.0035456 0.0031380 0.0035142 0.0026182 0.0020463 0.0035271 0.0038910 0.0012165 0.0025739 0.0032921
0.0000000 0.0008231 0.0020858 0.0020933 0.0011032 0.0049174 0.0027319 0.0031932 0.0050347 0.0007399 0.0056857 0.0047164 0.0035142 0.0051990 0.0032374 0.0023204 0.0044870 0.0046295 0.0013333 0.0032047 0.0042405
0.0000000 0.0006917 0.0015721 0.0014755 0.0008061 0.0034289 0.0018577 0.0024294 0.0034900 0.0004795 0.0041130 0.0030121 0.0026182 0.0032374 0.0024015 0.0019741 0.0032847 0.0031856 0.0008953 0.0022532 0.0026073
0.0000000 0.0004435 0.0013870 0.0011789 0.0007016 0.0032594 0.0015564 0.0022149 0.0030034 0.0004228 0.0032392 0.0024144 0.0020463 0.0023204 0.0019741 0.0016630 0.0023608 0.0025936 0.0009189 0.0019572 0.0022422
0.0000000 0.0009146 0.0023995 0.0018908 0.0012723 0.0048560 0.0026950 0.0034710 0.0049739 0.0007187 0.0057120 0.0043155 0.0035271 0.0044870 0.0032847 0.0023608 0.0051013 0.0055312 0.0014436 0.0030160 0.0043278
0.0000000 0.0010151 0.0026081 0.0022643 0.0016091 0.0057794 0.0032673 0.0040165 0.0058914 0.0007911 0.0058909 0.0049406 0.0038910 0.0046295 0.0031856 0.0025936 0.0055312 0.0069499 0.0016390 0.0039265 0.0050686
0.0000000 0.0002764 0.0007977 0.0007010 0.0004142 0.0018122 0.0010240 0.0013277 0.0019294 0.0002426 0.0021191 0.0016055 0.0012165 0.0013333 0.0008953 0.0009189 0.0014436 0.0016390 0.0007321 0.0013656 0.0012972
0.0000000 0.0006773 0.0017368 0.0016001 0.0011194 0.0039841 0.0024844 0.0029530 0.0040158 0.0005018 0.0044342 0.0032881 0.0025739 0.0032047 0.0022532 0.0019572 0.0030160 0.0039265 0.0013656 0.0032149 0.0033182
0.0000000 0.0007511 0.0023036 0.0017932 0.0012872 0.0048021 0.0027177 0.0037616 0.0047939 0.0006326 0.0048737 0.0040547 0.0032921 0.0042405 0.0026073 0.0022422 0.0043278 0.0050686 0.0012972 0.0033182 0.0045245


