ss 1
solv 2
unaligned 1

Transition matrix:
0.0000000 0.0073587 0.0308717 0.0239970 0.4688124 0.4688124 0.0001478
0.0000000 0.5910393 0.3425645 0.0273849 0.0234147 0.0155645 0.0000321
0.0000000 0.4537765 0.4386425 0.0400266 0.0284536 0.0387913 0.0003095
0.0000000 0.0650299 0.0819112 0.7434375 0.0545978 0.0545978 0.0004258
0.0000000 0.0229566 0.0224572 0.0403019 0.9093939 0.0000031 0.0048873
0.0000000 0.0159452 0.0294691 0.0403024 0.0000031 0.9094043 0.0048759
0.0000000 0.1666667 0.1666667 0.1666667 0.1666667 0.1666667 0.1666667

Emission vector for indel state 1:
0.0000000
0.0148636
0.0372999
0.0355253
0.0203471
0.0808902
0.0447983
0.0553679
0.0758452
0.0107846
0.0770572
0.0567770
0.0550902
0.0646873
0.0490557
0.0399354
0.0661735
0.0754515
0.0223709
0.0524871
0.0651922

Emission vector for indel state 2:
0.0000000
0.0148636
0.0372999
0.0355253
0.0203471
0.0808902
0.0447983
0.0553679
0.0758452
0.0107846
0.0770572
0.0567770
0.0550902
0.0646873
0.0490557
0.0399354
0.0661735
0.0754515
0.0223709
0.0524871
0.0651922

Background frequencies:
0.0000000
0.0145211
0.0416972
0.0365313
0.0220610
0.0912118
0.0573394
0.0710501
0.0798825
0.0128565
0.0724445
0.0458587
0.0558434
0.0610202
0.0438345
0.0376260
0.0585862
0.0659619
0.0232451
0.0499801
0.0584485

Emission matrices:
Matrix 1 :
0.0000000 0.0000000 0.0000000 0.0000000 0.0000000 0.0000000 0.0000000 0.0000000 0.0000000 0.0000000 0.0000000 0.0000000 0.0000000 0.0000000 0.0000000 0.0000000 0.0000000 0.0000000 0.0000000 0.0000000 0.0000000
0.0000000 0.0011480 0.0014441 0.0012224 0.0005595 0.0023182 0.0016508 0.0017928 0.0015749 0.0002812 0.0009268 0.0004945 0.0009386 0.0007824 0.0005533 0.0005375 0.0006258 0.0008962 0.0004337 0.0007804 0.0007321
0.0000000 0.0014535 0.0046961 0.0035443 0.0019711 0.0100985 0.0068217 0.0074735 0.0052213 0.0010233 0.0030221 0.0015612 0.0028824 0.0025705 0.0015547 0.0014216 0.0017008 0.0019207 0.0013514 0.0017932 0.0017292
0.0000000 0.0012125 0.0033934 0.0028577 0.0012481 0.0057877 0.0038798 0.0048550 0.0038587 0.0008228 0.0024028 0.0011066 0.0022723 0.0021334 0.0014016 0.0012299 0.0015829 0.0018658 0.0012663 0.0017081 0.0017038
0.0000000 0.0005638 0.0019018 0.0012802 0.0009433 0.0049417 0.0029828 0.0036015 0.0027240 0.0005410 0.0015616 0.0007540 0.0014308 0.0013409 0.0007995 0.0007166 0.0008981 0.0010474 0.0005994 0.0010724 0.0010208
0.0000000 0.0023630 0.0100609 0.0061032 0.0050068 0.0222425 0.0169890 0.0182571 0.0125755 0.0024420 0.0057208 0.0033362 0.0062669 0.0052057 0.0029566 0.0031722 0.0036102 0.0041438 0.0022887 0.0043496 0.0042227
0.0000000 0.0016845 0.0069055 0.0040782 0.0030382 0.0171965 0.0102580 0.0153462 0.0081900 0.0017130 0.0037561 0.0021758 0.0043011 0.0036054 0.0019638 0.0019106 0.0021546 0.0025481 0.0015715 0.0027607 0.0026623
0.0000000 0.0018314 0.0075425 0.0051714 0.0036886 0.0183260 0.0153230 0.0144090 0.0105026 0.0023655 0.0052746 0.0029012 0.0060247 0.0046899 0.0025227 0.0024346 0.0028064 0.0034884 0.0020788 0.0034292 0.0035334
0.0000000 0.0015181 0.0050540 0.0039113 0.0027050 0.0124959 0.0081064 0.0103300 0.0107128 0.0020582 0.0070332 0.0027950 0.0052173 0.0053217 0.0028635 0.0026597 0.0032623 0.0038042 0.0018830 0.0035801 0.0036901
0.0000000 0.0003148 0.0010958 0.0009185 0.0005590 0.0025805 0.0017714 0.0024460 0.0021879 0.0016486 0.0012898 0.0005345 0.0011721 0.0011585 0.0006708 0.0005496 0.0006224 0.0007379 0.0004233 0.0007301 0.0006334
0.0000000 0.0007436 0.0024157 0.0020829 0.0013145 0.0046365 0.0031303 0.0044206 0.0062508 0.0009879 0.0102201 0.0021898 0.0033119 0.0039862 0.0023542 0.0015355 0.0024304 0.0024915 0.0012727 0.0022254 0.0022030
0.0000000 0.0003811 0.0013007 0.0010325 0.0006647 0.0027317 0.0018276 0.0024516 0.0024323 0.0004091 0.0021743 0.0028112 0.0016412 0.0017816 0.0011547 0.0008482 0.0014649 0.0012584 0.0006845 0.0012127 0.0013561
0.0000000 0.0007747 0.0025021 0.0020199 0.0012654 0.0054370 0.0037627 0.0052266 0.0046655 0.0009260 0.0032569 0.0015599 0.0033868 0.0034898 0.0019231 0.0016252 0.0021374 0.0022929 0.0012907 0.0021964 0.0021309
0.0000000 0.0006448 0.0022043 0.0019434 0.0012226 0.0044465 0.0029978 0.0040536 0.0047989 0.0009598 0.0039613 0.0017806 0.0035212 0.0035062 0.0022607 0.0016084 0.0025674 0.0024190 0.0013242 0.0022775 0.0021637
0.0000000 0.0003531 0.0009404 0.0009505 0.0005988 0.0020142 0.0013285 0.0017590 0.0019719 0.0004388 0.0018528 0.0008363 0.0015921 0.0018692 0.0018038 0.0008543 0.0016272 0.0012501 0.0007498 0.0012529 0.0011602
0.0000000 0.0003324 0.0009722 0.0009522 0.0005038 0.0021332 0.0012642 0.0015468 0.0018068 0.0003240 0.0011576 0.0005776 0.0013015 0.0012239 0.0008028 0.0007982 0.0010107 0.0012243 0.0005941 0.0011204 0.0011085
0.0000000 0.0003818 0.0009978 0.0010643 0.0005706 0.0019796 0.0012075 0.0016882 0.0020663 0.0003577 0.0018036 0.0009713 0.0017109 0.0019449 0.0016304 0.0010601 0.0044061 0.0021511 0.0008378 0.0014545 0.0013693
0.0000000 0.0004196 0.0010795 0.0011050 0.0005791 0.0022225 0.0013228 0.0019777 0.0022839 0.0003696 0.0017216 0.0007875 0.0016016 0.0016088 0.0010515 0.0011055 0.0019087 0.0021548 0.0007030 0.0014918 0.0014334
0.0000000 0.0003723 0.0010648 0.0010458 0.0004985 0.0018066 0.0013211 0.0016563 0.0015405 0.0003287 0.0012268 0.0006487 0.0011543 0.0011506 0.0008508 0.0007104 0.0009746 0.0009405 0.0020168 0.0009471 0.0008916
0.0000000 0.0004555 0.0010213 0.0011413 0.0005894 0.0023996 0.0015915 0.0019388 0.0020901 0.0003786 0.0015630 0.0008574 0.0015292 0.0014954 0.0010926 0.0010195 0.0013792 0.0014636 0.0006565 0.0018356 0.0017516
0.0000000 0.0002888 0.0007078 0.0007685 0.0004355 0.0016810 0.0010505 0.0014150 0.0014763 0.0002221 0.0010145 0.0005596 0.0010819 0.0010148 0.0006855 0.0007321 0.0008582 0.0010402 0.0005461 0.0011854 0.0016051

Matrix 2 :
0.0000000 0.0000000 0.0000000 0.0000000 0.0000000 0.0000000 0.0000000 0.0000000 0.0000000 0.0000000 0.0000000 0.0000000 0.0000000 0.0000000 0.0000000 0.0000000 0.0000000 0.0000000 0.0000000 0.0000000 0.0000000
0.0000000 0.0001976 0.0003329 0.0003933 0.0001656 0.0005354 0.0003592 0.0004610 0.0005881 0.0000905 0.0004971 0.0003199 0.0004850 0.0004999 0.0003205 0.0003796 0.0004873 0.0005346 0.0002250 0.0004568 0.0004584
0.0000000 0.0003205 0.0006965 0.0008894 0.0004374 0.0016707 0.0011478 0.0013506 0.0013818 0.0001996 0.0012458 0.0008191 0.0012503 0.0012154 0.0008448 0.0008104 0.0010896 0.0013282 0.0004747 0.0011125 0.0012213
0.0000000 0.0004063 0.0010881 0.0008688 0.0004997 0.0020319 0.0012011 0.0016465 0.0019235 0.0002827 0.0016276 0.0011431 0.0016364 0.0016797 0.0012052 0.0011327 0.0013505 0.0019587 0.0007409 0.0016395 0.0017675
0.0000000 0.0001600 0.0005285 0.0004574 0.0002486 0.0010999 0.0006908 0.0008422 0.0010627 0.0001179 0.0009001 0.0005549 0.0008499 0.0008514 0.0006201 0.0006304 0.0008074 0.0011207 0.0003335 0.0008848 0.0009487
0.0000000 0.0004763 0.0017202 0.0016167 0.0010143 0.0032969 0.0026483 0.0030773 0.0036818 0.0004855 0.0025426 0.0017915 0.0026706 0.0025513 0.0019570 0.0020861 0.0024748 0.0036546 0.0011211 0.0027169 0.0031230
0.0000000 0.0003148 0.0010374 0.0009400 0.0006179 0.0023752 0.0011289 0.0020151 0.0018828 0.0002527 0.0013196 0.0010947 0.0015178 0.0015602 0.0010544 0.0009941 0.0012922 0.0018585 0.0006282 0.0015788 0.0015908
0.0000000 0.0004103 0.0012597 0.0012302 0.0007276 0.0029865 0.0020457 0.0018731 0.0026590 0.0003790 0.0020211 0.0015174 0.0024094 0.0022066 0.0015281 0.0014750 0.0018918 0.0027639 0.0008938 0.0021434 0.0024592
0.0000000 0.0006629 0.0016020 0.0018543 0.0010877 0.0037865 0.0019929 0.0028862 0.0045167 0.0004768 0.0040974 0.0028519 0.0033791 0.0042798 0.0031207 0.0033543 0.0046810 0.0063836 0.0013892 0.0042022 0.0050600
0.0000000 0.0000462 0.0001042 0.0001567 0.0000942 0.0003032 0.0001759 0.0002731 0.0003062 0.0001665 0.0002995 0.0002129 0.0003132 0.0003471 0.0002260 0.0002493 0.0002486 0.0003161 0.0001467 0.0002958 0.0002712
0.0000000 0.0007383 0.0020439 0.0020487 0.0012253 0.0039696 0.0021432 0.0031451 0.0051271 0.0006968 0.0135329 0.0037627 0.0039195 0.0048015 0.0045066 0.0029297 0.0053621 0.0052327 0.0017839 0.0037081 0.0050957
0.0000000 0.0004691 0.0011620 0.0012406 0.0006725 0.0025872 0.0015529 0.0021091 0.0033292 0.0003779 0.0037831 0.0035187 0.0026203 0.0034169 0.0024617 0.0019499 0.0033942 0.0038113 0.0011385 0.0026484 0.0034583
0.0000000 0.0007007 0.0017508 0.0019685 0.0010675 0.0037628 0.0022264 0.0034599 0.0041053 0.0006370 0.0039919 0.0027273 0.0038983 0.0051790 0.0033331 0.0030050 0.0043893 0.0051330 0.0014775 0.0039239 0.0045313
0.0000000 0.0006809 0.0016974 0.0019299 0.0010071 0.0035504 0.0023598 0.0030440 0.0049678 0.0006087 0.0048342 0.0034182 0.0051377 0.0044861 0.0038789 0.0034423 0.0052388 0.0059004 0.0015525 0.0041728 0.0051954
0.0000000 0.0005840 0.0016533 0.0017989 0.0008842 0.0031972 0.0018905 0.0025333 0.0042940 0.0005313 0.0051665 0.0028808 0.0037687 0.0043943 0.0032284 0.0029602 0.0048950 0.0050643 0.0015277 0.0036902 0.0044746
0.0000000 0.0006495 0.0014019 0.0014982 0.0009105 0.0034535 0.0018449 0.0026434 0.0044768 0.0005462 0.0034271 0.0023060 0.0034311 0.0039483 0.0030279 0.0025826 0.0042634 0.0058428 0.0014042 0.0040895 0.0051199
0.0000000 0.0008085 0.0020148 0.0020330 0.0012384 0.0046209 0.0025386 0.0033634 0.0062551 0.0005970 0.0061871 0.0040437 0.0049507 0.0060580 0.0048909 0.0041984 0.0074569 0.0086392 0.0019926 0.0050590 0.0066007
0.0000000 0.0011619 0.0024353 0.0029600 0.0017371 0.0061832 0.0034711 0.0047522 0.0083845 0.0008008 0.0062459 0.0044309 0.0060429 0.0069667 0.0053257 0.0059992 0.0089582 0.0094523 0.0025056 0.0074576 0.0093541
0.0000000 0.0003058 0.0008519 0.0010310 0.0004664 0.0017556 0.0009577 0.0014499 0.0018400 0.0002713 0.0018443 0.0011855 0.0016569 0.0017810 0.0013948 0.0012511 0.0018126 0.0021930 0.0009709 0.0017045 0.0020590
0.0000000 0.0008843 0.0021285 0.0023856 0.0015206 0.0052832 0.0031177 0.0041049 0.0061633 0.0007584 0.0045799 0.0031160 0.0048019 0.0052021 0.0039012 0.0042223 0.0051581 0.0074948 0.0020869 0.0049925 0.0071789
0.0000000 0.0010418 0.0025656 0.0029985 0.0017191 0.0064682 0.0037121 0.0052472 0.0079736 0.0008125 0.0066599 0.0045065 0.0059119 0.0067075 0.0050993 0.0056153 0.0072734 0.0098717 0.0025137 0.0079240 0.0075157

Matrix 3 :
0.0000000 0.0000000 0.0000000 0.0000000 0.0000000 0.0000000 0.0000000 0.0000000 0.0000000 0.0000000 0.0000000 0.0000000 0.0000000 0.0000000 0.0000000 0.0000000 0.0000000 0.0000000 0.0000000 0.0000000 0.0000000
0.0000000 0.0002369 0.0004865 0.0004796 0.0002908 0.0010898 0.0006090 0.0007774 0.0010986 0.0001811 0.0012409 0.0008415 0.0007724 0.0009325 0.0007708 0.0005579 0.0009711 0.0009521 0.0003060 0.0006332 0.0008131
0.0000000 0.0004865 0.0015690 0.0012850 0.0008661 0.0031344 0.0018563 0.0021305 0.0029900 0.0004190 0.0032737 0.0023310 0.0021241 0.0025492 0.0018512 0.0014712 0.0025235 0.0026626 0.0008921 0.0019412 0.0021954
0.0000000 0.0004796 0.0012850 0.0012050 0.0007307 0.0026396 0.0015090 0.0018386 0.0026672 0.0003531 0.0028560 0.0019818 0.0019840 0.0022037 0.0017735 0.0013684 0.0024656 0.0024414 0.0008020 0.0016941 0.0021226
0.0000000 0.0002908 0.0008661 0.0007307 0.0004854 0.0015823 0.0009022 0.0012042 0.0016008 0.0002204 0.0015732 0.0012193 0.0011931 0.0013166 0.0009790 0.0008114 0.0013091 0.0013931 0.0004667 0.0010655 0.0012317
0.0000000 0.0010898 0.0031344 0.0026396 0.0015823 0.0064392 0.0037551 0.0044967 0.0060732 0.0008268 0.0060975 0.0046258 0.0043144 0.0050616 0.0037240 0.0029564 0.0054129 0.0056040 0.0018518 0.0038723 0.0049132
0.0000000 0.0006090 0.0018563 0.0015090 0.0009022 0.0037551 0.0022803 0.0028681 0.0034517 0.0005016 0.0037852 0.0027186 0.0026161 0.0029591 0.0022682 0.0018000 0.0027989 0.0033160 0.0011072 0.0023427 0.0027509
0.0000000 0.0007774 0.0021305 0.0018386 0.0012042 0.0044967 0.0028681 0.0033934 0.0042577 0.0005169 0.0046387 0.0035637 0.0032369 0.0038538 0.0027612 0.0021854 0.0036844 0.0040994 0.0013115 0.0029104 0.0035849
0.0000000 0.0010986 0.0029900 0.0026672 0.0016008 0.0060732 0.0034517 0.0042577 0.0057630 0.0006854 0.0060667 0.0045094 0.0044518 0.0051232 0.0036686 0.0029746 0.0050742 0.0053608 0.0018711 0.0036173 0.0045264
0.0000000 0.0001811 0.0004190 0.0003531 0.0002204 0.0008268 0.0005016 0.0005169 0.0006854 0.0002816 0.0009307 0.0006865 0.0006458 0.0007672 0.0005046 0.0003820 0.0007242 0.0007212 0.0002764 0.0005327 0.0005996
0.0000000 0.0012409 0.0032737 0.0028560 0.0015732 0.0060975 0.0037852 0.0046387 0.0060667 0.0009307 0.0084803 0.0051902 0.0048391 0.0056891 0.0040828 0.0031572 0.0056354 0.0056955 0.0020275 0.0039231 0.0050623
0.0000000 0.0008415 0.0023310 0.0019818 0.0012193 0.0046258 0.0027186 0.0035637 0.0045094 0.0006865 0.0051902 0.0040310 0.0035887 0.0039172 0.0030123 0.0023313 0.0038556 0.0039785 0.0014591 0.0030076 0.0037511
0.0000000 0.0007724 0.0021241 0.0019840 0.0011931 0.0043144 0.0026161 0.0032369 0.0044518 0.0006458 0.0048391 0.0035887 0.0031968 0.0039575 0.0028395 0.0021516 0.0036842 0.0037207 0.0014244 0.0028701 0.0031831
0.0000000 0.0009325 0.0025492 0.0022037 0.0013166 0.0050616 0.0029591 0.0038538 0.0051232 0.0007672 0.0056891 0.0039172 0.0039575 0.0045441 0.0033813 0.0024425 0.0043893 0.0044946 0.0015722 0.0031834 0.0040493
0.0000000 0.0007708 0.0018512 0.0017735 0.0009790 0.0037240 0.0022682 0.0027612 0.0036686 0.0005046 0.0040828 0.0030123 0.0028395 0.0033813 0.0026979 0.0018978 0.0031020 0.0032392 0.0010785 0.0023004 0.0028669
0.0000000 0.0005579 0.0014712 0.0013684 0.0008114 0.0029564 0.0018000 0.0021854 0.0029746 0.0003820 0.0031572 0.0023313 0.0021516 0.0024425 0.0018978 0.0014335 0.0024599 0.0027854 0.0009075 0.0018831 0.0023868
0.0000000 0.0009711 0.0025235 0.0024656 0.0013091 0.0054129 0.0027989 0.0036844 0.0050742 0.0007242 0.0056354 0.0038556 0.0036842 0.0043893 0.0031020 0.0024599 0.0047026 0.0045660 0.0014854 0.0032446 0.0038062
0.0000000 0.0009521 0.0026626 0.0024414 0.0013931 0.0056040 0.0033160 0.0040994 0.0053608 0.0007212 0.0056955 0.0039785 0.0037207 0.0044946 0.0032392 0.0027854 0.0045660 0.0051822 0.0015235 0.0033450 0.0042488
0.0000000 0.0003060 0.0008921 0.0008020 0.0004667 0.0018518 0.0011072 0.0013115 0.0018711 0.0002764 0.0020275 0.0014591 0.0014244 0.0015722 0.0010785 0.0009075 0.0014854 0.0015235 0.0007204 0.0011038 0.0015181
0.0000000 0.0006332 0.0019412 0.0016941 0.0010655 0.0038723 0.0023427 0.0029104 0.0036173 0.0005327 0.0039231 0.0030076 0.0028701 0.0031834 0.0023004 0.0018831 0.0032446 0.0033450 0.0011038 0.0023927 0.0031280
0.0000000 0.0008131 0.0021954 0.0021226 0.0012317 0.0049132 0.0027509 0.0035849 0.0045264 0.0005996 0.0050623 0.0037511 0.0031831 0.0040493 0.0028669 0.0023868 0.0038062 0.0042488 0.0015181 0.0031280 0.0041649


