ss 3
solv 2
unaligned 1

Transition matrix:
0.0000000 0.0001189 0.0001189 0.0080503 0.0001189 0.0001189 0.0406203 0.0229341 0.4639004 0.4639004 0.0001189
0.0000000 0.5300163 0.0011590 0.0259584 0.3744226 0.0000865 0.0328575 0.0139869 0.0163511 0.0051559 0.0000056
0.0000000 0.0035731 0.6140239 0.0986095 0.0007347 0.1860279 0.0661556 0.0123112 0.0115524 0.0070070 0.0000048
0.0000000 0.0323856 0.1194549 0.2880683 0.0254835 0.0571600 0.3564145 0.0417346 0.0420257 0.0370597 0.0002132
0.0000000 0.4441171 0.0003871 0.0332039 0.4277076 0.0000310 0.0453222 0.0195011 0.0192755 0.0104479 0.0000068
0.0000000 0.0068115 0.5246095 0.1022153 0.0015998 0.2348206 0.0754397 0.0187891 0.0210501 0.0146519 0.0000127
0.0000000 0.0304535 0.0770591 0.2528791 0.0418155 0.0472752 0.4001740 0.0456113 0.0377544 0.0662354 0.0007425
0.0000000 0.0159045 0.0153672 0.0341284 0.0168483 0.0103611 0.0625276 0.7310454 0.0566736 0.0566736 0.0004703
0.0000000 0.0055139 0.0063660 0.0153611 0.0047782 0.0039081 0.0210381 0.0398246 0.8976228 0.0000028 0.0055843
0.0000000 0.0025225 0.0028995 0.0132973 0.0033310 0.0030615 0.0318539 0.0398248 0.0000028 0.8976262 0.0055806
0.0000000 0.1000000 0.1000000 0.1000000 0.1000000 0.1000000 0.1000000 0.1000000 0.1000000 0.1000000 0.1000000

Emission vector for indel state 1:
0.0000000
0.0137909
0.0364374
0.0335474
0.0199957
0.0802897
0.0448124
0.0549358
0.0759724
0.0105529
0.0787555
0.0588679
0.0537170
0.0645809
0.0477670
0.0396052
0.0665292
0.0781789
0.0221116
0.0534695
0.0660826

Emission vector for indel state 2:
0.0000000
0.0137909
0.0364374
0.0335474
0.0199957
0.0802897
0.0448124
0.0549358
0.0759724
0.0105529
0.0787555
0.0588679
0.0537170
0.0645809
0.0477670
0.0396052
0.0665292
0.0781789
0.0221116
0.0534695
0.0660826

Background frequencies:
0.0000000
0.0137230
0.0405517
0.0346135
0.0216865
0.0923840
0.0577330
0.0730541
0.0820454
0.0127908
0.0737583
0.0460152
0.0544736
0.0597037
0.0424369
0.0368970
0.0583180
0.0675464
0.0231494
0.0506955
0.0584242

Emission matrices:
Matrix 1 :
0.0000000 0.0000000 0.0000000 0.0000000 0.0000000 0.0000000 0.0000000 0.0000000 0.0000000 0.0000000 0.0000000 0.0000000 0.0000000 0.0000000 0.0000000 0.0000000 0.0000000 0.0000000 0.0000000 0.0000000 0.0000000
0.0000000 0.0017792 0.0015989 0.0014794 0.0005759 0.0029991 0.0013747 0.0013896 0.0018624 0.0002509 0.0006305 0.0004529 0.0007821 0.0007423 0.0004158 0.0006124 0.0005191 0.0008628 0.0005044 0.0009558 0.0006877
0.0000000 0.0015382 0.0069263 0.0034691 0.0023743 0.0118896 0.0053446 0.0053017 0.0061442 0.0008205 0.0016727 0.0007903 0.0021856 0.0017202 0.0010232 0.0014212 0.0012202 0.0017795 0.0010662 0.0018384 0.0015475
0.0000000 0.0014158 0.0033299 0.0033983 0.0013856 0.0062557 0.0028937 0.0029908 0.0042900 0.0004981 0.0014001 0.0006175 0.0016220 0.0015104 0.0011437 0.0012157 0.0012652 0.0018558 0.0011891 0.0017207 0.0015492
0.0000000 0.0005558 0.0024419 0.0014956 0.0018786 0.0076386 0.0037040 0.0037610 0.0044492 0.0005953 0.0011222 0.0004772 0.0014316 0.0014336 0.0007646 0.0009684 0.0009071 0.0012515 0.0005334 0.0013437 0.0012623
0.0000000 0.0030311 0.0121073 0.0067194 0.0075276 0.0472711 0.0197656 0.0178575 0.0198148 0.0027502 0.0044783 0.0023483 0.0064607 0.0054306 0.0030621 0.0040544 0.0032549 0.0055885 0.0025940 0.0057591 0.0053276
0.0000000 0.0014439 0.0056586 0.0033429 0.0036601 0.0199657 0.0124249 0.0105805 0.0103736 0.0013950 0.0025737 0.0012173 0.0036607 0.0027679 0.0015829 0.0019626 0.0016813 0.0026709 0.0012152 0.0028489 0.0028016
0.0000000 0.0014207 0.0056124 0.0034572 0.0037366 0.0181804 0.0104022 0.0113542 0.0129508 0.0015518 0.0029281 0.0015662 0.0040135 0.0034822 0.0016508 0.0022872 0.0020551 0.0033654 0.0012975 0.0032303 0.0029810
0.0000000 0.0018638 0.0061853 0.0046514 0.0045213 0.0201257 0.0101745 0.0129878 0.0311854 0.0026807 0.0074530 0.0023395 0.0066048 0.0069499 0.0030663 0.0040497 0.0035082 0.0056255 0.0022729 0.0052196 0.0052699
0.0000000 0.0002562 0.0008678 0.0005575 0.0005856 0.0027367 0.0013340 0.0014559 0.0027133 0.0020657 0.0007410 0.0001804 0.0007016 0.0008485 0.0003844 0.0004991 0.0003398 0.0005942 0.0002961 0.0005080 0.0004983
0.0000000 0.0004070 0.0011587 0.0010924 0.0008438 0.0032012 0.0019496 0.0022069 0.0064186 0.0005706 0.0070172 0.0008680 0.0015805 0.0022003 0.0010464 0.0010247 0.0011398 0.0016063 0.0006055 0.0012924 0.0010949
0.0000000 0.0002636 0.0005370 0.0004194 0.0002491 0.0014424 0.0007609 0.0010956 0.0016382 0.0001131 0.0007254 0.0014471 0.0007679 0.0007707 0.0004590 0.0003822 0.0005462 0.0007033 0.0002633 0.0005681 0.0005259
0.0000000 0.0006560 0.0020097 0.0014455 0.0012790 0.0054458 0.0031280 0.0034663 0.0056053 0.0006022 0.0016612 0.0008379 0.0031995 0.0024618 0.0014132 0.0012849 0.0013076 0.0019119 0.0008106 0.0017802 0.0013944
0.0000000 0.0005483 0.0014926 0.0013179 0.0010942 0.0042730 0.0022000 0.0028865 0.0059822 0.0007157 0.0022883 0.0008277 0.0024418 0.0030207 0.0012623 0.0015571 0.0013611 0.0018804 0.0008903 0.0017208 0.0015296
0.0000000 0.0002402 0.0005945 0.0006833 0.0004719 0.0018498 0.0009644 0.0011252 0.0019873 0.0002306 0.0008666 0.0004285 0.0010992 0.0010855 0.0015958 0.0009833 0.0009134 0.0014023 0.0004882 0.0010758 0.0011267
0.0000000 0.0003351 0.0010226 0.0009469 0.0006903 0.0027370 0.0012486 0.0014796 0.0027409 0.0003431 0.0009606 0.0003810 0.0010741 0.0013224 0.0009616 0.0018056 0.0010152 0.0017280 0.0006063 0.0014453 0.0014095
0.0000000 0.0002556 0.0006644 0.0006530 0.0005047 0.0016276 0.0008373 0.0010420 0.0019438 0.0002068 0.0007400 0.0004677 0.0010540 0.0010352 0.0008094 0.0011364 0.0039389 0.0020107 0.0004964 0.0009623 0.0011477
0.0000000 0.0003676 0.0011025 0.0011585 0.0007375 0.0032575 0.0014342 0.0019808 0.0034147 0.0003068 0.0013280 0.0005442 0.0014077 0.0015134 0.0012374 0.0016692 0.0020272 0.0057000 0.0006731 0.0019959 0.0019003
0.0000000 0.0003629 0.0008243 0.0009022 0.0004009 0.0017974 0.0008570 0.0009827 0.0016225 0.0002552 0.0006044 0.0003020 0.0007292 0.0007771 0.0005318 0.0005978 0.0005954 0.0008783 0.0020289 0.0009106 0.0006821
0.0000000 0.0005602 0.0010708 0.0011379 0.0007659 0.0033024 0.0016305 0.0017449 0.0030481 0.0002951 0.0012206 0.0005156 0.0013499 0.0013153 0.0010036 0.0013479 0.0010998 0.0019976 0.0007600 0.0039819 0.0021347
0.0000000 0.0002602 0.0006775 0.0006795 0.0004903 0.0021112 0.0011246 0.0011317 0.0020239 0.0001923 0.0006280 0.0002829 0.0008108 0.0009775 0.0006845 0.0010207 0.0008323 0.0013064 0.0004624 0.0016256 0.0034336

Matrix 2 :
0.0000000 0.0000000 0.0000000 0.0000000 0.0000000 0.0000000 0.0000000 0.0000000 0.0000000 0.0000000 0.0000000 0.0000000 0.0000000 0.0000000 0.0000000 0.0000000 0.0000000 0.0000000 0.0000000 0.0000000 0.0000000
0.0000000 0.0029353 0.0015731 0.0013711 0.0003680 0.0020518 0.0016474 0.0020290 0.0010583 0.0002262 0.0007732 0.0003959 0.0008302 0.0006892 0.0003753 0.0003726 0.0003822 0.0004735 0.0003899 0.0006907 0.0005020
0.0000000 0.0016070 0.0086300 0.0047409 0.0017983 0.0097506 0.0087150 0.0105019 0.0044762 0.0011619 0.0025920 0.0012394 0.0028561 0.0021914 0.0011067 0.0010870 0.0011131 0.0013304 0.0012775 0.0016002 0.0014133
0.0000000 0.0014420 0.0047151 0.0063717 0.0011259 0.0050674 0.0047312 0.0061562 0.0029883 0.0007798 0.0020518 0.0009525 0.0025340 0.0020222 0.0010502 0.0010320 0.0011407 0.0013860 0.0013043 0.0016336 0.0016207
0.0000000 0.0003723 0.0018061 0.0011381 0.0011131 0.0039017 0.0032051 0.0041992 0.0018030 0.0005087 0.0010627 0.0005815 0.0012530 0.0009885 0.0005037 0.0005177 0.0004706 0.0005542 0.0004470 0.0006399 0.0006004
0.0000000 0.0020881 0.0097445 0.0052497 0.0040176 0.0264150 0.0193933 0.0240333 0.0081423 0.0021161 0.0041616 0.0026265 0.0051893 0.0036652 0.0019428 0.0019296 0.0018355 0.0025286 0.0019181 0.0027249 0.0024764
0.0000000 0.0017578 0.0089426 0.0050538 0.0033898 0.0199431 0.0235147 0.0264208 0.0076787 0.0019515 0.0036069 0.0020256 0.0050614 0.0034404 0.0017162 0.0016204 0.0015905 0.0021504 0.0016009 0.0023055 0.0022510
0.0000000 0.0023167 0.0108833 0.0065496 0.0045274 0.0248902 0.0264775 0.0390810 0.0123608 0.0033663 0.0059421 0.0032335 0.0081259 0.0053867 0.0026954 0.0026263 0.0024345 0.0031744 0.0024339 0.0035976 0.0035334
0.0000000 0.0011044 0.0043899 0.0030510 0.0018528 0.0078741 0.0072247 0.0113550 0.0093552 0.0017879 0.0058322 0.0019390 0.0042961 0.0040236 0.0016973 0.0013429 0.0015980 0.0019573 0.0013176 0.0019707 0.0019423
0.0000000 0.0002589 0.0012412 0.0008537 0.0005347 0.0021242 0.0019931 0.0032810 0.0018494 0.0032053 0.0013125 0.0004755 0.0012630 0.0010563 0.0004730 0.0004583 0.0004990 0.0004206 0.0004037 0.0005536 0.0006108
0.0000000 0.0005837 0.0020057 0.0016610 0.0009564 0.0032873 0.0027569 0.0044833 0.0052200 0.0010015 0.0121055 0.0010591 0.0026130 0.0032101 0.0012474 0.0009982 0.0014304 0.0016017 0.0008895 0.0015262 0.0011845
0.0000000 0.0001502 0.0006033 0.0004183 0.0002491 0.0014112 0.0010272 0.0016007 0.0011779 0.0002652 0.0006878 0.0022225 0.0007793 0.0007949 0.0004916 0.0002813 0.0004489 0.0004844 0.0002241 0.0004892 0.0004602
0.0000000 0.0007337 0.0025146 0.0023035 0.0011203 0.0046055 0.0043901 0.0068902 0.0039520 0.0010489 0.0030086 0.0013529 0.0060950 0.0039380 0.0018053 0.0015145 0.0017634 0.0022264 0.0012916 0.0022633 0.0021164
0.0000000 0.0006107 0.0018305 0.0018559 0.0009761 0.0030043 0.0025822 0.0043451 0.0036540 0.0009409 0.0034320 0.0012475 0.0039063 0.0045875 0.0016709 0.0012547 0.0019260 0.0019053 0.0011256 0.0018906 0.0017876
0.0000000 0.0002634 0.0007332 0.0007819 0.0003250 0.0011801 0.0010808 0.0016487 0.0012197 0.0002739 0.0011272 0.0005210 0.0013369 0.0012530 0.0021567 0.0005896 0.0011882 0.0007931 0.0006820 0.0007565 0.0007465
0.0000000 0.0002345 0.0008164 0.0008492 0.0003839 0.0013814 0.0011414 0.0017687 0.0009461 0.0002894 0.0008766 0.0003335 0.0011428 0.0009700 0.0006192 0.0009802 0.0005984 0.0010232 0.0005122 0.0009927 0.0008538
0.0000000 0.0002344 0.0006595 0.0006881 0.0002883 0.0010701 0.0008547 0.0013309 0.0011121 0.0002977 0.0011105 0.0005692 0.0013200 0.0015156 0.0012607 0.0006737 0.0057227 0.0016457 0.0007172 0.0009165 0.0007867
0.0000000 0.0002912 0.0008103 0.0008800 0.0003913 0.0014917 0.0013499 0.0017866 0.0013221 0.0002457 0.0012438 0.0005729 0.0016396 0.0014752 0.0008061 0.0009492 0.0015626 0.0033076 0.0006175 0.0013957 0.0012803
0.0000000 0.0003784 0.0011250 0.0011810 0.0004000 0.0015834 0.0012526 0.0019160 0.0011245 0.0003101 0.0009752 0.0004320 0.0011731 0.0011095 0.0007142 0.0005608 0.0008528 0.0008636 0.0027225 0.0009133 0.0007169
0.0000000 0.0004685 0.0009681 0.0010604 0.0004782 0.0015355 0.0012994 0.0019248 0.0012858 0.0003351 0.0012585 0.0005647 0.0015615 0.0012612 0.0008177 0.0008854 0.0008320 0.0012044 0.0006282 0.0034857 0.0016455
0.0000000 0.0002721 0.0006814 0.0007785 0.0002907 0.0010549 0.0009026 0.0014669 0.0009664 0.0002585 0.0007384 0.0004306 0.0010621 0.0009803 0.0005755 0.0005975 0.0006168 0.0008009 0.0004152 0.0013033 0.0021478

Matrix 3 :
0.0000000 0.0000000 0.0000000 0.0000000 0.0000000 0.0000000 0.0000000 0.0000000 0.0000000 0.0000000 0.0000000 0.0000000 0.0000000 0.0000000 0.0000000 0.0000000 0.0000000 0.0000000 0.0000000 0.0000000 0.0000000
0.0000000 0.0015294 0.0012178 0.0010204 0.0003861 0.0017752 0.0010418 0.0011460 0.0012166 0.0002037 0.0010406 0.0007420 0.0008155 0.0007738 0.0006463 0.0003924 0.0007091 0.0007018 0.0004389 0.0006187 0.0005841
0.0000000 0.0012290 0.0057203 0.0030535 0.0013922 0.0069148 0.0038953 0.0043565 0.0037594 0.0008238 0.0032628 0.0021364 0.0022911 0.0023729 0.0015549 0.0012667 0.0017315 0.0015831 0.0011819 0.0017361 0.0017165
0.0000000 0.0008793 0.0026499 0.0033590 0.0009120 0.0035843 0.0021093 0.0026118 0.0024333 0.0005028 0.0023740 0.0016524 0.0017278 0.0018810 0.0015423 0.0009760 0.0015798 0.0014270 0.0012228 0.0014531 0.0013161
0.0000000 0.0003607 0.0013500 0.0009795 0.0014190 0.0036605 0.0020391 0.0024496 0.0021467 0.0004272 0.0016754 0.0011671 0.0011858 0.0011844 0.0007602 0.0006062 0.0010652 0.0008856 0.0005863 0.0008367 0.0009215
0.0000000 0.0016619 0.0067914 0.0038875 0.0038118 0.0220974 0.0102619 0.0107729 0.0079941 0.0017172 0.0057347 0.0044072 0.0045766 0.0042561 0.0025912 0.0022184 0.0033268 0.0034382 0.0019519 0.0034731 0.0032844
0.0000000 0.0008708 0.0034214 0.0020276 0.0019050 0.0094373 0.0068085 0.0071896 0.0046014 0.0010000 0.0030868 0.0029143 0.0027517 0.0024011 0.0014187 0.0011475 0.0016114 0.0016109 0.0011117 0.0017448 0.0017914
0.0000000 0.0008638 0.0036187 0.0024757 0.0021576 0.0093495 0.0072830 0.0096835 0.0066311 0.0014716 0.0040634 0.0034599 0.0041264 0.0036613 0.0020771 0.0014184 0.0022911 0.0022054 0.0014018 0.0022202 0.0022869
0.0000000 0.0011030 0.0036495 0.0026446 0.0020289 0.0073913 0.0052027 0.0075294 0.0124084 0.0020512 0.0083521 0.0047669 0.0050881 0.0060067 0.0032601 0.0020596 0.0037380 0.0033144 0.0019084 0.0029216 0.0035014
0.0000000 0.0002564 0.0008554 0.0006545 0.0004771 0.0019848 0.0011423 0.0019587 0.0023066 0.0040517 0.0017066 0.0008448 0.0012536 0.0016557 0.0008388 0.0005831 0.0008942 0.0006962 0.0004503 0.0007193 0.0006575
0.0000000 0.0011944 0.0029909 0.0026882 0.0016510 0.0052867 0.0031469 0.0046086 0.0079076 0.0014113 0.0343412 0.0049097 0.0050564 0.0072542 0.0052095 0.0026486 0.0052417 0.0038835 0.0022358 0.0041894 0.0038495
0.0000000 0.0008949 0.0024676 0.0021504 0.0014522 0.0054754 0.0036014 0.0050538 0.0055177 0.0008613 0.0054320 0.0132927 0.0038479 0.0042783 0.0027294 0.0018922 0.0035838 0.0028358 0.0016360 0.0031108 0.0035008
0.0000000 0.0007003 0.0021092 0.0017341 0.0011779 0.0044743 0.0029411 0.0044677 0.0048675 0.0011012 0.0042485 0.0028616 0.0061681 0.0050962 0.0025365 0.0016226 0.0031287 0.0021028 0.0014588 0.0022288 0.0022001
0.0000000 0.0006956 0.0022700 0.0019098 0.0012527 0.0044004 0.0028025 0.0041357 0.0061536 0.0013753 0.0069743 0.0033976 0.0054847 0.0088983 0.0037788 0.0019656 0.0043707 0.0032775 0.0018707 0.0026304 0.0028850
0.0000000 0.0005396 0.0011907 0.0013566 0.0006131 0.0023725 0.0013408 0.0019760 0.0027165 0.0006170 0.0035956 0.0018169 0.0023630 0.0030637 0.0057563 0.0012683 0.0031130 0.0018348 0.0012666 0.0017488 0.0016803
0.0000000 0.0003042 0.0007161 0.0007657 0.0004240 0.0015002 0.0008220 0.0009769 0.0014676 0.0003051 0.0014637 0.0008464 0.0011764 0.0012753 0.0009704 0.0014742 0.0013123 0.0009673 0.0006306 0.0009249 0.0010211
0.0000000 0.0004570 0.0012660 0.0012739 0.0007124 0.0021120 0.0013413 0.0020667 0.0027766 0.0005616 0.0034625 0.0018905 0.0027320 0.0034780 0.0032476 0.0014924 0.0143427 0.0032611 0.0012159 0.0017677 0.0020132
0.0000000 0.0002329 0.0008116 0.0008305 0.0003885 0.0014672 0.0007413 0.0011233 0.0017462 0.0002614 0.0019022 0.0011078 0.0013729 0.0016745 0.0011014 0.0008955 0.0025340 0.0033867 0.0007530 0.0010422 0.0010602
0.0000000 0.0003924 0.0009919 0.0011900 0.0005427 0.0018511 0.0011125 0.0012616 0.0017379 0.0003380 0.0019485 0.0010594 0.0012846 0.0014971 0.0013710 0.0008147 0.0013427 0.0008963 0.0053327 0.0011835 0.0009035
0.0000000 0.0003154 0.0009527 0.0009540 0.0004371 0.0017682 0.0011064 0.0013254 0.0017180 0.0002910 0.0021769 0.0013595 0.0012678 0.0014864 0.0014011 0.0009055 0.0012983 0.0011866 0.0009940 0.0033472 0.0016745
0.0000000 0.0001899 0.0005201 0.0005723 0.0003734 0.0012142 0.0007461 0.0009786 0.0011584 0.0002095 0.0012453 0.0008020 0.0008549 0.0009754 0.0007315 0.0006230 0.0008501 0.0006996 0.0004095 0.0011749 0.0024523

Matrix 4 :
0.0000000 0.0000000 0.0000000 0.0000000 0.0000000 0.0000000 0.0000000 0.0000000 0.0000000 0.0000000 0.0000000 0.0000000 0.0000000 0.0000000 0.0000000 0.0000000 0.0000000 0.0000000 0.0000000 0.0000000 0.0000000
0.0000000 0.0001588 0.0002838 0.0002718 0.0001282 0.0006693 0.0002931 0.0003305 0.0006386 0.0000590 0.0003233 0.0001917 0.0002520 0.0004124 0.0002757 0.0002881 0.0003864 0.0006201 0.0002165 0.0005157 0.0005126
0.0000000 0.0003259 0.0009591 0.0008300 0.0004158 0.0017638 0.0009297 0.0008780 0.0015770 0.0001259 0.0006345 0.0005534 0.0008381 0.0009066 0.0005634 0.0008057 0.0009687 0.0016614 0.0004047 0.0010573 0.0011871
0.0000000 0.0003527 0.0010066 0.0013158 0.0005797 0.0021601 0.0010531 0.0012838 0.0023477 0.0001619 0.0010637 0.0005820 0.0009447 0.0012180 0.0009273 0.0011912 0.0011327 0.0020292 0.0005966 0.0016338 0.0017054
0.0000000 0.0001502 0.0003679 0.0004966 0.0004925 0.0015659 0.0007364 0.0007824 0.0016182 0.0000938 0.0006098 0.0003525 0.0007346 0.0007316 0.0005192 0.0008966 0.0008436 0.0014968 0.0003159 0.0011879 0.0014299
0.0000000 0.0006518 0.0019274 0.0017660 0.0017085 0.0062767 0.0027255 0.0031365 0.0050355 0.0004323 0.0020677 0.0014474 0.0023671 0.0025408 0.0018476 0.0028799 0.0028207 0.0049389 0.0011744 0.0039300 0.0043282
0.0000000 0.0002905 0.0009727 0.0007630 0.0007570 0.0028129 0.0018339 0.0016461 0.0025537 0.0001661 0.0009645 0.0006576 0.0011642 0.0012009 0.0008773 0.0011892 0.0014037 0.0021715 0.0005509 0.0018652 0.0018600
0.0000000 0.0002573 0.0008424 0.0009827 0.0008608 0.0031803 0.0018704 0.0020391 0.0035865 0.0002341 0.0013992 0.0009799 0.0014930 0.0017856 0.0011860 0.0016887 0.0018357 0.0032234 0.0007080 0.0021864 0.0026211
0.0000000 0.0007165 0.0018489 0.0022278 0.0016921 0.0054796 0.0027896 0.0036026 0.0109061 0.0006003 0.0042719 0.0026449 0.0039598 0.0055116 0.0042029 0.0057060 0.0065612 0.0118095 0.0018038 0.0067560 0.0083101
0.0000000 0.0000223 0.0000914 0.0000751 0.0000646 0.0003526 0.0001377 0.0001616 0.0003857 0.0003745 0.0001588 0.0001099 0.0001050 0.0002278 0.0001234 0.0001591 0.0001873 0.0003094 0.0000953 0.0002443 0.0002518
0.0000000 0.0002760 0.0006174 0.0007862 0.0005709 0.0015286 0.0008109 0.0011045 0.0031703 0.0001714 0.0034711 0.0009742 0.0014750 0.0019868 0.0013496 0.0016970 0.0021082 0.0032954 0.0006947 0.0019092 0.0022406
0.0000000 0.0002618 0.0005464 0.0004874 0.0003916 0.0013449 0.0006995 0.0009442 0.0023807 0.0001101 0.0012368 0.0031647 0.0010643 0.0014066 0.0009034 0.0012121 0.0018878 0.0028322 0.0005403 0.0014966 0.0018229
0.0000000 0.0003505 0.0009189 0.0010362 0.0007864 0.0028290 0.0014252 0.0016699 0.0042218 0.0002154 0.0019539 0.0012362 0.0031337 0.0030134 0.0021497 0.0025232 0.0029884 0.0053208 0.0009881 0.0030466 0.0039091
0.0000000 0.0004323 0.0008821 0.0013074 0.0008134 0.0028075 0.0013315 0.0018433 0.0051910 0.0003505 0.0023454 0.0015073 0.0028932 0.0042195 0.0025177 0.0031303 0.0040026 0.0064985 0.0011701 0.0037078 0.0049369
0.0000000 0.0003732 0.0007897 0.0010879 0.0006393 0.0021901 0.0011165 0.0012497 0.0043444 0.0002127 0.0018318 0.0011049 0.0022151 0.0026680 0.0028311 0.0030406 0.0033219 0.0052995 0.0011374 0.0034053 0.0043259
0.0000000 0.0005856 0.0014319 0.0015741 0.0011782 0.0042389 0.0018648 0.0024635 0.0070568 0.0003942 0.0028598 0.0017360 0.0030516 0.0039868 0.0035738 0.0052508 0.0056246 0.0097676 0.0016007 0.0059125 0.0071945
0.0000000 0.0005881 0.0012655 0.0015103 0.0011413 0.0037789 0.0018860 0.0023484 0.0069492 0.0003305 0.0031108 0.0024273 0.0031912 0.0044902 0.0036619 0.0050394 0.0078702 0.0118060 0.0017939 0.0055640 0.0073541
0.0000000 0.0012071 0.0026407 0.0029345 0.0022273 0.0080175 0.0035643 0.0050253 0.0144450 0.0007567 0.0056033 0.0041973 0.0065628 0.0082595 0.0067752 0.0102067 0.0131391 0.0247368 0.0030972 0.0114143 0.0142798
0.0000000 0.0002811 0.0006476 0.0008064 0.0003893 0.0015900 0.0007925 0.0009900 0.0019585 0.0001825 0.0009924 0.0006995 0.0010969 0.0013054 0.0010485 0.0014773 0.0016182 0.0027065 0.0011809 0.0019169 0.0021865
0.0000000 0.0009457 0.0019936 0.0023904 0.0018558 0.0070051 0.0033370 0.0039352 0.0092217 0.0005751 0.0034488 0.0023477 0.0039786 0.0051909 0.0040449 0.0060605 0.0060381 0.0113843 0.0023029 0.0097736 0.0101256
0.0000000 0.0010131 0.0022453 0.0027295 0.0022671 0.0078076 0.0037080 0.0046953 0.0118846 0.0006625 0.0043621 0.0029738 0.0048916 0.0065748 0.0055655 0.0076513 0.0084998 0.0144870 0.0026972 0.0105833 0.0139468

Matrix 5 :
0.0000000 0.0000000 0.0000000 0.0000000 0.0000000 0.0000000 0.0000000 0.0000000 0.0000000 0.0000000 0.0000000 0.0000000 0.0000000 0.0000000 0.0000000 0.0000000 0.0000000 0.0000000 0.0000000 0.0000000 0.0000000
0.0000000 0.0007146 0.0006179 0.0008682 0.0002673 0.0007989 0.0007355 0.0011028 0.0006503 0.0001313 0.0006031 0.0004098 0.0008273 0.0006493 0.0003650 0.0005031 0.0004010 0.0006933 0.0003977 0.0007437 0.0007370
0.0000000 0.0005804 0.0020028 0.0018893 0.0006981 0.0024475 0.0021369 0.0027776 0.0016314 0.0003750 0.0014489 0.0010396 0.0020380 0.0017468 0.0009337 0.0010065 0.0010895 0.0019002 0.0007988 0.0015225 0.0016270
0.0000000 0.0007429 0.0021103 0.0026346 0.0007583 0.0027110 0.0022600 0.0034269 0.0020498 0.0004638 0.0020230 0.0012117 0.0028898 0.0027315 0.0014194 0.0017684 0.0013648 0.0025450 0.0012599 0.0026807 0.0025565
0.0000000 0.0002400 0.0005972 0.0005789 0.0004446 0.0011660 0.0008269 0.0013985 0.0007746 0.0001801 0.0007653 0.0004590 0.0011192 0.0011606 0.0004673 0.0005571 0.0005920 0.0010332 0.0004860 0.0007557 0.0008609
0.0000000 0.0007094 0.0019986 0.0020443 0.0011855 0.0052269 0.0037845 0.0052798 0.0023634 0.0005246 0.0019487 0.0018568 0.0040233 0.0029873 0.0018517 0.0020860 0.0020077 0.0032794 0.0013579 0.0027470 0.0028083
0.0000000 0.0006081 0.0019603 0.0016654 0.0008269 0.0038802 0.0035833 0.0049216 0.0023291 0.0004367 0.0014621 0.0015915 0.0035149 0.0023155 0.0015895 0.0017932 0.0016767 0.0031846 0.0009403 0.0025873 0.0024943
0.0000000 0.0008443 0.0025618 0.0027223 0.0013688 0.0052196 0.0045587 0.0078861 0.0032249 0.0006350 0.0026748 0.0023250 0.0056730 0.0039098 0.0023556 0.0024932 0.0028086 0.0046765 0.0018029 0.0038076 0.0044106
0.0000000 0.0003999 0.0011873 0.0012208 0.0005051 0.0017851 0.0017161 0.0030832 0.0028191 0.0003186 0.0020166 0.0014799 0.0028727 0.0022626 0.0013445 0.0014754 0.0017431 0.0027465 0.0008054 0.0021447 0.0020802
0.0000000 0.0000419 0.0001904 0.0002194 0.0001429 0.0004181 0.0002748 0.0003508 0.0003712 0.0002153 0.0002832 0.0002011 0.0004036 0.0004524 0.0001770 0.0001945 0.0002751 0.0003323 0.0001737 0.0003258 0.0002556
0.0000000 0.0004001 0.0013865 0.0011945 0.0004121 0.0018299 0.0012547 0.0022668 0.0024447 0.0004785 0.0096788 0.0012476 0.0024795 0.0024310 0.0015598 0.0013594 0.0019627 0.0022188 0.0009469 0.0018447 0.0022182
0.0000000 0.0003293 0.0007506 0.0008297 0.0003491 0.0014599 0.0009635 0.0016644 0.0014751 0.0001824 0.0011418 0.0032418 0.0019937 0.0015851 0.0011141 0.0009789 0.0017249 0.0021820 0.0004581 0.0013572 0.0018559
0.0000000 0.0009065 0.0024272 0.0029541 0.0013125 0.0047986 0.0040523 0.0068605 0.0042694 0.0007671 0.0038080 0.0030521 0.0112504 0.0072194 0.0040150 0.0041373 0.0043806 0.0076424 0.0023587 0.0060172 0.0068400
0.0000000 0.0007535 0.0017400 0.0023871 0.0010485 0.0031617 0.0025861 0.0041981 0.0031518 0.0005737 0.0034491 0.0025001 0.0065539 0.0063397 0.0028863 0.0030986 0.0040178 0.0054044 0.0019553 0.0038714 0.0047259
0.0000000 0.0003710 0.0011522 0.0014171 0.0006628 0.0021471 0.0016034 0.0025999 0.0019448 0.0003723 0.0024491 0.0018579 0.0039193 0.0035526 0.0034673 0.0019845 0.0031907 0.0035646 0.0010484 0.0026453 0.0031521
0.0000000 0.0007343 0.0015036 0.0019010 0.0008202 0.0029269 0.0026430 0.0041154 0.0026818 0.0005582 0.0027490 0.0021084 0.0048157 0.0038380 0.0025066 0.0033028 0.0028526 0.0049758 0.0017321 0.0040706 0.0045238
0.0000000 0.0006750 0.0010940 0.0015848 0.0006430 0.0021560 0.0016558 0.0026092 0.0022752 0.0004609 0.0029463 0.0024080 0.0043266 0.0038769 0.0030250 0.0019794 0.0060687 0.0047661 0.0013939 0.0030222 0.0033736
0.0000000 0.0011872 0.0026940 0.0033516 0.0013297 0.0050903 0.0044669 0.0069578 0.0047135 0.0007441 0.0042133 0.0038276 0.0088206 0.0067068 0.0043534 0.0048769 0.0062861 0.0109807 0.0028542 0.0069667 0.0081402
0.0000000 0.0003929 0.0010722 0.0014755 0.0005623 0.0018307 0.0013655 0.0022738 0.0014377 0.0002842 0.0014993 0.0011521 0.0026731 0.0022544 0.0012688 0.0015636 0.0015366 0.0024061 0.0016665 0.0020532 0.0023447
0.0000000 0.0013184 0.0030143 0.0036846 0.0012731 0.0054587 0.0046019 0.0073040 0.0044150 0.0008476 0.0042429 0.0035014 0.0078669 0.0061186 0.0037483 0.0046392 0.0046551 0.0079087 0.0027590 0.0097930 0.0086039
0.0000000 0.0011959 0.0030944 0.0041877 0.0017123 0.0056441 0.0049427 0.0082885 0.0050863 0.0010058 0.0052027 0.0044495 0.0096246 0.0075017 0.0046640 0.0055998 0.0055865 0.0094823 0.0029905 0.0096138 0.0124935

Matrix 6 :
0.0000000 0.0000000 0.0000000 0.0000000 0.0000000 0.0000000 0.0000000 0.0000000 0.0000000 0.0000000 0.0000000 0.0000000 0.0000000 0.0000000 0.0000000 0.0000000 0.0000000 0.0000000 0.0000000 0.0000000 0.0000000
0.0000000 0.0002662 0.0003031 0.0002833 0.0000974 0.0003225 0.0002035 0.0002320 0.0003589 0.0000721 0.0005604 0.0003308 0.0003285 0.0003599 0.0003669 0.0002147 0.0003507 0.0003254 0.0001818 0.0002759 0.0003293
0.0000000 0.0002971 0.0008740 0.0007059 0.0003646 0.0012434 0.0008332 0.0008013 0.0011731 0.0001420 0.0012597 0.0009485 0.0010040 0.0010046 0.0008724 0.0005662 0.0010203 0.0009466 0.0005295 0.0008155 0.0007940
0.0000000 0.0003618 0.0009406 0.0011483 0.0003648 0.0014168 0.0006834 0.0009097 0.0014461 0.0002214 0.0017805 0.0011363 0.0011431 0.0014280 0.0011982 0.0008115 0.0013160 0.0012327 0.0006777 0.0010864 0.0011297
0.0000000 0.0001248 0.0004042 0.0003370 0.0004405 0.0010276 0.0004859 0.0006957 0.0008009 0.0001352 0.0009880 0.0006534 0.0007111 0.0007522 0.0005305 0.0004838 0.0007529 0.0008163 0.0003280 0.0007300 0.0008703
0.0000000 0.0003899 0.0012013 0.0011402 0.0007724 0.0033054 0.0016978 0.0019740 0.0023300 0.0004009 0.0023019 0.0019320 0.0019359 0.0021741 0.0016637 0.0013883 0.0020146 0.0023698 0.0007532 0.0020502 0.0023085
0.0000000 0.0002042 0.0006955 0.0004502 0.0004125 0.0014356 0.0010660 0.0011988 0.0010824 0.0001490 0.0011261 0.0010402 0.0011069 0.0010719 0.0006970 0.0006167 0.0010038 0.0010332 0.0004337 0.0009768 0.0009911
0.0000000 0.0002691 0.0007767 0.0006791 0.0005362 0.0018176 0.0012086 0.0018369 0.0018290 0.0002559 0.0018553 0.0017061 0.0017143 0.0016228 0.0012359 0.0009361 0.0015696 0.0018045 0.0006115 0.0014258 0.0016420
0.0000000 0.0004372 0.0012856 0.0013188 0.0008238 0.0026855 0.0013735 0.0022483 0.0045619 0.0004574 0.0048353 0.0038546 0.0029509 0.0040006 0.0028912 0.0022956 0.0039369 0.0040642 0.0012580 0.0028005 0.0038639
0.0000000 0.0000573 0.0000915 0.0001396 0.0001162 0.0003074 0.0001413 0.0002413 0.0003110 0.0007054 0.0003927 0.0002304 0.0002684 0.0003902 0.0002209 0.0002026 0.0003104 0.0002686 0.0001335 0.0002278 0.0002665
0.0000000 0.0009759 0.0026139 0.0028058 0.0015549 0.0052322 0.0027810 0.0040826 0.0074627 0.0010199 0.0394075 0.0060757 0.0055438 0.0075918 0.0080861 0.0044404 0.0090035 0.0075033 0.0029924 0.0058925 0.0077726
0.0000000 0.0006350 0.0017445 0.0017508 0.0010232 0.0035181 0.0022488 0.0030006 0.0049634 0.0005151 0.0060551 0.0101300 0.0043136 0.0049573 0.0040722 0.0026627 0.0056790 0.0054432 0.0017161 0.0037467 0.0052695
0.0000000 0.0005280 0.0014506 0.0014539 0.0008820 0.0029070 0.0017590 0.0026714 0.0036356 0.0004720 0.0047352 0.0038057 0.0057247 0.0054007 0.0036073 0.0023779 0.0051354 0.0042365 0.0013364 0.0030664 0.0039873
0.0000000 0.0006251 0.0017049 0.0018374 0.0010110 0.0035726 0.0020090 0.0027773 0.0050638 0.0007055 0.0067855 0.0046264 0.0055269 0.0079103 0.0048092 0.0029518 0.0067657 0.0056219 0.0016614 0.0040774 0.0052710
0.0000000 0.0006536 0.0016837 0.0019320 0.0009326 0.0033892 0.0018249 0.0027804 0.0044602 0.0005969 0.0088654 0.0042971 0.0045248 0.0055750 0.0067605 0.0031379 0.0075079 0.0053345 0.0020076 0.0040690 0.0051621
0.0000000 0.0003625 0.0009564 0.0010671 0.0006980 0.0023486 0.0011698 0.0016776 0.0028441 0.0004086 0.0040582 0.0025290 0.0026252 0.0030339 0.0027249 0.0023048 0.0036024 0.0036089 0.0010539 0.0025453 0.0035349
0.0000000 0.0006764 0.0021466 0.0022214 0.0013389 0.0044675 0.0024215 0.0035571 0.0061184 0.0007159 0.0098874 0.0062058 0.0060158 0.0078692 0.0072302 0.0040843 0.0154079 0.0085484 0.0023797 0.0049522 0.0066859
0.0000000 0.0006793 0.0016368 0.0018457 0.0011588 0.0040186 0.0020981 0.0030742 0.0051397 0.0005378 0.0070453 0.0050712 0.0044462 0.0057449 0.0045650 0.0035002 0.0075183 0.0085531 0.0019589 0.0046181 0.0062642
0.0000000 0.0003125 0.0007619 0.0008505 0.0004464 0.0014128 0.0007792 0.0011571 0.0018171 0.0002447 0.0026606 0.0014827 0.0014580 0.0018385 0.0018309 0.0010346 0.0021219 0.0018807 0.0019550 0.0015345 0.0018668
0.0000000 0.0005430 0.0014643 0.0016255 0.0010135 0.0034096 0.0017086 0.0024941 0.0036228 0.0005149 0.0055950 0.0034980 0.0034685 0.0039281 0.0033845 0.0024172 0.0042321 0.0043479 0.0015365 0.0053464 0.0048175
0.0000000 0.0006965 0.0018744 0.0019449 0.0013375 0.0045352 0.0023562 0.0033775 0.0056991 0.0006434 0.0077908 0.0056115 0.0047785 0.0056917 0.0048947 0.0036766 0.0062451 0.0068909 0.0021100 0.0052668 0.0086841

Matrix 7 :
0.0000000 0.0000000 0.0000000 0.0000000 0.0000000 0.0000000 0.0000000 0.0000000 0.0000000 0.0000000 0.0000000 0.0000000 0.0000000 0.0000000 0.0000000 0.0000000 0.0000000 0.0000000 0.0000000 0.0000000 0.0000000
0.0000000 0.0002493 0.0005117 0.0005279 0.0002613 0.0009602 0.0005521 0.0007272 0.0010473 0.0001393 0.0012478 0.0008077 0.0007307 0.0008542 0.0006406 0.0005121 0.0008779 0.0009604 0.0003611 0.0006458 0.0008323
0.0000000 0.0005117 0.0015148 0.0012763 0.0007543 0.0029738 0.0016334 0.0021904 0.0028215 0.0004659 0.0030762 0.0022718 0.0020861 0.0024447 0.0019248 0.0014463 0.0024049 0.0027159 0.0007963 0.0019026 0.0021429
0.0000000 0.0005279 0.0012763 0.0011001 0.0006351 0.0026027 0.0014567 0.0017998 0.0025760 0.0003743 0.0028761 0.0020859 0.0017694 0.0022176 0.0016155 0.0012598 0.0021103 0.0024349 0.0008470 0.0016214 0.0021244
0.0000000 0.0002613 0.0007543 0.0006351 0.0004483 0.0016415 0.0009058 0.0011937 0.0016430 0.0002239 0.0016595 0.0012823 0.0011498 0.0012548 0.0008236 0.0008690 0.0013226 0.0013860 0.0004785 0.0010245 0.0012638
0.0000000 0.0009602 0.0029738 0.0026027 0.0016415 0.0070590 0.0035477 0.0045016 0.0061639 0.0007851 0.0060762 0.0050825 0.0040359 0.0048958 0.0035885 0.0030715 0.0050426 0.0058808 0.0017684 0.0041596 0.0048896
0.0000000 0.0005521 0.0016334 0.0014567 0.0009058 0.0035477 0.0022530 0.0027275 0.0033327 0.0004616 0.0037314 0.0028943 0.0023646 0.0031249 0.0021109 0.0018131 0.0027352 0.0032906 0.0010861 0.0022818 0.0028531
0.0000000 0.0007272 0.0021904 0.0017998 0.0011937 0.0045016 0.0027275 0.0035412 0.0041601 0.0005426 0.0045528 0.0035783 0.0031102 0.0036832 0.0025739 0.0020903 0.0039206 0.0041883 0.0013126 0.0028413 0.0035695
0.0000000 0.0010473 0.0028215 0.0025760 0.0016430 0.0061639 0.0033327 0.0041601 0.0061490 0.0007663 0.0064362 0.0049255 0.0042330 0.0052518 0.0037022 0.0030881 0.0050029 0.0054898 0.0017603 0.0040135 0.0046275
0.0000000 0.0001393 0.0004659 0.0003743 0.0002239 0.0007851 0.0004616 0.0005426 0.0007663 0.0004328 0.0009486 0.0006268 0.0005712 0.0007095 0.0005063 0.0005044 0.0007241 0.0008164 0.0002535 0.0006003 0.0006101
0.0000000 0.0012478 0.0030762 0.0028761 0.0016595 0.0060762 0.0037314 0.0045528 0.0064362 0.0009486 0.0090075 0.0055222 0.0046817 0.0058080 0.0041178 0.0030783 0.0054981 0.0058145 0.0020563 0.0038548 0.0048917
0.0000000 0.0008077 0.0022718 0.0020859 0.0012823 0.0050825 0.0028943 0.0035783 0.0049255 0.0006268 0.0055222 0.0042964 0.0031725 0.0041426 0.0029805 0.0023227 0.0040737 0.0042744 0.0015140 0.0031083 0.0038475
0.0000000 0.0007307 0.0020861 0.0017694 0.0011498 0.0040359 0.0023646 0.0031102 0.0042330 0.0005712 0.0046817 0.0031725 0.0032644 0.0038346 0.0027735 0.0022036 0.0035479 0.0037851 0.0012735 0.0026201 0.0031313
0.0000000 0.0008542 0.0024447 0.0022176 0.0012548 0.0048958 0.0031249 0.0036832 0.0052518 0.0007095 0.0058080 0.0041426 0.0038346 0.0047208 0.0032487 0.0025162 0.0043232 0.0044097 0.0014189 0.0032082 0.0039503
0.0000000 0.0006406 0.0019248 0.0016155 0.0008236 0.0035885 0.0021109 0.0025739 0.0037022 0.0005063 0.0041178 0.0029805 0.0027735 0.0032487 0.0026135 0.0017580 0.0031868 0.0032270 0.0010626 0.0023037 0.0028233
0.0000000 0.0005121 0.0014463 0.0012598 0.0008690 0.0030715 0.0018131 0.0020903 0.0030881 0.0005044 0.0030783 0.0023227 0.0022036 0.0025162 0.0017580 0.0015448 0.0024882 0.0026450 0.0009079 0.0020408 0.0022813
0.0000000 0.0008779 0.0024049 0.0021103 0.0013226 0.0050426 0.0027352 0.0039206 0.0050029 0.0007241 0.0054981 0.0040737 0.0035479 0.0043232 0.0031868 0.0024882 0.0046256 0.0047373 0.0014801 0.0034440 0.0039931
0.0000000 0.0009604 0.0027159 0.0024349 0.0013860 0.0058808 0.0032906 0.0041883 0.0054898 0.0008164 0.0058145 0.0042744 0.0037851 0.0044097 0.0032270 0.0026450 0.0047373 0.0056251 0.0015997 0.0037672 0.0045833
0.0000000 0.0003611 0.0007963 0.0008470 0.0004785 0.0017684 0.0010861 0.0013126 0.0017603 0.0002535 0.0020563 0.0015140 0.0012735 0.0014189 0.0010626 0.0009079 0.0014801 0.0015997 0.0006947 0.0013723 0.0014076
0.0000000 0.0006458 0.0019026 0.0016214 0.0010245 0.0041596 0.0022818 0.0028413 0.0040135 0.0006003 0.0038548 0.0031083 0.0026201 0.0032082 0.0023037 0.0020408 0.0034440 0.0037672 0.0013723 0.0027322 0.0032686
0.0000000 0.0008323 0.0021429 0.0021244 0.0012638 0.0048896 0.0028531 0.0035695 0.0046275 0.0006101 0.0048917 0.0038475 0.0031313 0.0039503 0.0028233 0.0022813 0.0039931 0.0045833 0.0014076 0.0032686 0.0040740


