LENGTH wrong d1vkva1 0 147
LENGTH wrong d1vkva1 0 147
LENGTH wrong d1vkva2 0 156
LENGTH wrong d1vkva1 0 147
LENGTH wrong d1vkva1 0 147
LENGTH wrong d1vkva2 0 156
LENGTH wrong d1ngvb_ 0 398
LENGTH wrong d1ngvb_ 0 398
LENGTH wrong d1rn5a_ 0 177
LENGTH wrong d1rn5a_ 0 177
LENGTH wrong d1rn5a_ 0 177
LENGTH wrong d1rn5a_ 0 177
LENGTH wrong d1rn5a_ 0 177
LENGTH wrong d1rn5a_ 0 177
LENGTH wrong d1rn5a_ 0 177
LENGTH wrong d1rn5a_ 0 177
LENGTH wrong d1mwxa2 0 188
LENGTH wrong d1mwxa2 0 188
LENGTH wrong d1pf0a_ 0 133
LENGTH wrong d1pf0a_ 0 133
LENGTH wrong d1pf0a_ 0 133
LENGTH wrong d1pf0a_ 0 133
LENGTH wrong d1pf0a_ 0 133
LENGTH wrong d1pf0a_ 0 133
LENGTH wrong d1pf0a_ 0 133
LENGTH wrong d1pf0a_ 0 133
LENGTH wrong d1pf0a_ 0 133
LENGTH wrong d1pf0a_ 0 133
LENGTH wrong d1pf0a_ 0 133
LENGTH wrong d1teaa2 0 161
LENGTH wrong d1teaa2 0 161
LENGTH wrong d1j3va2 0 156
LENGTH wrong d1j3va2 0 156
LENGTH wrong d1j3va2 0 156
LENGTH wrong d1j3va2 0 156
LENGTH wrong d1j3va2 0 156
LENGTH wrong d1teaa2 0 161
LENGTH wrong d1teaa2 0 161
LENGTH wrong d1teaa2 0 161
LENGTH wrong d1teaa2 0 161
LENGTH wrong d1j3va2 0 156
LENGTH wrong d1teaa2 0 161
LENGTH wrong d1j3va1 0 132
LENGTH wrong d1teaa1 0 133
LENGTH wrong d1a12a_ 0 401
LENGTH wrong d1a12a_ 0 401
LENGTH wrong d1ccza2 0 78
LENGTH wrong d1ccza2 0 78
tran_begin
628.160775637
1594.36075734
1594.36075734

tran_match
580352.93824 10932.73299 10932.73299  604.66238
214726.20418 2640.32137 1592.04878    0.05130
144628.41507 1179.06491  720.59839    1.30822
220998.31900 7113.34671 8620.08582  603.30286

tran_x
10920.98380 58469.68478 1606.10995
1968.43802 17521.95749    0.21053
 673.68865 4478.20563    0.53061
8278.85712 36469.52166 1605.36881

tran_y
10920.98380 58469.68478 1606.10995
1968.43802 17521.95749    0.21053
 673.68865 4478.20563    0.53061
8278.85712 36469.52166 1605.36881

aa_pair 0
2954.568641 678.022410 667.867352 158.242174 621.185393 290.777676 308.090495 339.826189 53.588314 195.968957 146.908547 197.174871 213.740555 143.498894 157.908852 152.515140 238.231077 158.962448 236.756627 199.437904
678.022410 7031.660515 2374.328888 706.251432 3261.938181 1674.673955 1700.117962 1140.843683 223.627666 549.358409 461.767681 671.605806 593.672966 401.215189 396.150206 394.162907 567.949842 463.917840 525.196861 561.452048
667.867352 2374.328888 6178.506789 402.418514 1602.419843 942.237015 1117.003919 1032.564792 202.443114 587.186178 414.258063 628.942845 684.871088 549.477340 474.054451 541.920133 673.926254 691.393852 684.359084 661.416391
158.242174 706.251432 402.418514 1847.137140 2380.950853 1245.859937 1182.242963 912.052866 169.651194 367.954792 283.840434 549.717977 483.966014 288.306219 400.762546 276.630646 445.596913 202.444352 452.630139 476.101970
621.185393 3261.938181 1602.419843 2380.950853 19302.352068 6300.367939 5746.088987 3227.432338 574.246712 1134.601134 1130.846629 1864.414421 1368.193009 861.202701 1105.423418 907.913937 1465.574036 698.556910 1482.865411 1576.792369
290.777676 1674.673955 942.237015 1245.859937 6300.367939 9045.876713 6487.710968 2031.531800 352.329183 617.127597 675.269176 1338.321892 842.746840 478.627677 583.970452 505.427117 827.351833 388.835554 800.327218 860.178511
308.090495 1700.117962 1117.003919 1182.242963 5746.088987 6487.710968 12372.862108 3722.162712 647.311719 1025.091661 1053.242741 2280.941857 1371.788347 731.914223 818.531039 784.222022 1318.614665 513.559786 1123.374903 1294.780157
339.826189 1140.843683 1032.564792 912.052866 3227.432338 2031.531800 3722.162712 13925.837381 856.472014 3470.320732 1754.353599 2399.959223 3457.688374 1399.289814 1467.395913 1781.616132 2712.845308 693.540720 1793.029651 2242.461986
53.588314 223.627666 202.443114 169.651194 574.246712 352.329183 647.311719 856.472014 2719.042512 327.661316 172.083658 405.227475 408.807260 176.511725 122.960155 165.833587 167.191341 100.554538 164.932451 173.603346
195.968957 549.358409 587.186178 367.954792 1134.601134 617.127597 1025.091661 3470.320732 327.661316 21546.277393 1253.459599 1401.193960 2398.197653 1797.521558 961.183653 1928.268360 1687.324340 602.132430 1204.877606 1567.465587
146.908547 461.767681 414.258063 283.840434 1130.846629 675.269176 1053.242741 1754.353599 172.083658 1253.459599 10232.715349 1070.055466 1371.416618 761.366835 662.992897 1235.794579 1450.471123 370.109630 905.475532 1273.513526
197.174871 671.605806 628.942845 549.717977 1864.414421 1338.321892 2280.941857 2399.959223 405.227475 1401.193960 1070.055466 7335.916342 3125.862244 1408.433267 1120.031626 1519.447084 1875.865571 569.177563 1381.562671 1807.889178
213.740555 593.672966 684.871088 483.966014 1368.193009 842.746840 1371.788347 3457.688374 408.807260 2398.197653 1371.416618 3125.862244 6935.812365 1772.775170 1217.158765 2109.872357 2128.008375 702.141647 1506.670878 1853.797446
143.498894 401.215189 549.477340 288.306219 861.202701 478.627677 731.914223 1399.289814 176.511725 1797.521558 761.366835 1408.433267 1772.775170 5548.528658 1023.282963 2263.531918 1569.472200 708.930984 1138.084827 1578.105553
157.908852 396.150206 474.054451 400.762546 1105.423418 583.970452 818.531039 1467.395913 122.960155 961.183653 662.992897 1120.031626 1217.158765 1023.282963 3337.588321 1327.751525 2359.122170 621.915776 1485.023200 1912.757193
152.515140 394.162907 541.920133 276.630646 907.913937 505.427117 784.222022 1781.616132 165.833587 1928.268360 1235.794579 1519.447084 2109.872357 2263.531918 1327.751525 10902.892387 3777.012965 658.008807 1330.258715 1876.095069
238.231077 567.949842 673.926254 445.596913 1465.574036 827.351833 1318.614665 2712.845308 167.191341 1687.324340 1450.471123 1875.865571 2128.008375 1569.472200 2359.122170 3777.012965 10543.498834 794.537492 2173.729034 3214.778150
158.962448 463.917840 691.393852 202.444352 698.556910 388.835554 513.559786 693.540720 100.554538 602.132430 370.109630 569.177563 702.141647 708.930984 621.915776 658.008807 794.537492 3497.262221 746.651199 731.329997
236.756627 525.196861 684.359084 452.630139 1482.865411 800.327218 1123.374903 1793.029651 164.932451 1204.877606 905.475532 1381.562671 1506.670878 1138.084827 1485.023200 1330.258715 2173.729034 746.651199 7984.996792 3467.858641
199.437904 561.452048 661.416391 476.101970 1576.792369 860.178511 1294.780157 2242.461986 173.603346 1567.465587 1273.513526 1807.889178 1853.797446 1578.105553 1912.757193 1876.095069 3214.778150 731.329997 3467.858641 7718.847696

aa_loop 0
1535.320647
4319.590400
4069.762940
2727.738108
10218.092534
5425.821736
7103.283783
11001.146531
1425.447804
12218.922015
9111.812512
7381.201769
9939.259051
7201.451341
5737.535834
9878.530480
11786.459049
3287.738317
7306.792087
10317.650126

ss_pair 0
218958.625632
146529.386588
237335.054390

ss_loop 0
38981.212090
10304.849799
92707.495176
aa_pair 1
982.906792 251.354378 240.757781 76.312832 299.969017 111.287542 119.725220 173.175685 20.289721 48.332861 35.949267 57.056851 65.819422 54.042325 68.591035 54.632590 105.983247 56.546551 95.211332 87.613814
251.374807 2513.399945 798.958694 300.722149 1461.231740 526.100136 513.296695 526.070143 74.569350 120.721888 101.551340 207.660957 172.254232 118.770355 150.402703 131.822725 230.805587 150.740575 207.831519 205.832279
246.713141 810.582746 2004.646471 173.914196 684.897873 305.635738 354.876078 491.876398 67.133971 140.325768 90.626944 174.005648 208.520179 171.415169 191.853976 157.955772 269.153865 243.656486 265.755490 241.585360
72.620825 303.953186 171.883597 856.629069 1282.247346 595.659250 489.943678 491.714373 79.676835 114.025691 75.681552 215.708001 195.370371 107.850912 192.018842 107.022762 213.454761 83.965191 225.197180 223.946828
295.860590 1486.305316 701.711664 1283.044419 9814.349701 2773.716143 2214.737126 1865.316985 271.699785 348.587301 306.744017 761.720491 561.393240 324.967147 546.422080 380.329724 772.237881 305.783451 744.825203 768.034558
115.231220 527.315266 312.696142 593.774940 2771.662964 3018.837516 1791.923957 1030.143365 132.188365 175.506134 165.909270 429.025162 301.526878 167.585691 260.118324 182.664651 331.764706 133.633485 338.726597 362.404254
122.087110 526.158812 359.695613 490.387211 2206.223515 1785.367601 3092.930321 1659.043353 198.977267 262.069196 244.142429 640.448210 445.662235 225.855323 309.619288 254.233683 484.535322 147.002671 414.678986 467.641252
171.697765 533.486270 497.609298 493.434968 1874.156509 1045.044930 1684.391012 8068.066662 373.183003 1322.098781 522.681620 1017.982245 1557.583601 616.262183 865.307887 855.806130 1691.000920 329.282140 982.454753 1263.809872
19.381591 74.049776 65.937862 75.296702 266.030955 134.116796 199.365773 364.581618 592.367237 67.752582 26.742508 118.361347 121.934452 41.574463 51.284189 38.835841 57.747131 26.942142 52.957414 59.283245
40.276819 91.318714 111.440196 99.587424 282.623462 151.960426 231.033479 1239.824601 64.943913 2516.117174 169.850587 271.544484 515.752476 215.528191 244.162713 281.288317 455.802779 88.083251 273.773626 325.470743
29.199138 83.256779 71.772955 68.875703 266.358980 142.441051 233.268688 461.185649 23.489625 186.537442 1589.805157 169.967576 237.841817 118.385570 148.481358 235.334249 409.105826 66.006040 206.598909 265.752423
46.570251 202.419141 164.965605 205.206523 706.999330 414.154907 625.481913 992.600422 113.487910 294.190238 170.054487 1597.512381 699.632501 326.451436 370.465208 376.531157 639.061835 130.408012 415.090948 516.628627
59.239240 154.671067 201.316397 195.722742 521.780035 286.484765 419.651687 1506.317451 120.974029 562.876450 246.905571 692.058076 1677.202552 444.002995 474.205094 558.476804 835.945487 188.074220 519.858427 632.536162
51.162885 101.798714 153.660495 101.566559 294.133619 153.075878 210.252562 574.674719 37.594689 231.777363 107.078371 315.554655 428.320636 1183.430236 380.828130 481.508620 620.536844 190.723214 385.500073 518.774924
68.915742 150.046729 185.738709 189.213625 544.663983 255.497473 320.112814 858.349336 49.045187 294.003084 177.951111 381.949104 486.154301 412.455501 1621.255592 655.669148 1327.254652 246.821353 751.407769 942.143142
54.252340 122.318592 157.499768 93.849984 339.729979 180.134160 239.357101 811.104944 37.093251 307.528922 257.658024 391.916806 572.138518 497.656630 632.095954 2825.294482 1826.542806 213.485031 562.978129 754.497692
110.496156 240.407157 281.941014 223.402902 781.923585 352.799952 492.156754 1707.860898 62.561694 546.304420 467.753112 683.430688 879.693496 675.930895 1337.008742 1882.121733 5854.040061 353.569920 1188.620588 1728.639984
56.269859 154.225386 254.127749 81.113674 284.429606 127.469275 138.558511 324.142877 26.378085 118.874397 73.506206 133.934148 194.829675 203.278607 242.226117 221.086349 346.630028 991.000226 270.758338 265.319003
95.156410 212.400699 270.063599 222.176474 733.795135 339.312078 423.197096 992.921582 58.464059 334.128928 241.112610 430.971820 553.112946 411.472910 745.614088 597.011071 1191.107156 278.222524 3370.168073 1585.921624
89.655556 206.946004 235.692020 216.307692 746.159907 348.144146 473.146126 1236.169032 54.556946 405.531073 305.842520 554.277979 669.588865 543.144942 936.524138 781.316520 1713.072375 279.571823 1592.554532 3426.828754

aa_loop 1
471.366551
1398.728206
1186.665500
858.454679
4239.141331
1902.116046
2091.843395
4125.597975
341.480471
1249.669732
1144.366687
1425.255329
1867.426131
1325.262296
2031.306385
2186.370956
4578.675739
808.684578
2492.976865
3255.823236

ss_pair 1
198476.891918
2965.581507
17516.152206

ss_loop 1
38981.212090
0.000000
0.000000
aa_pair 2
1155.313036 215.263028 214.332318 39.513772 176.178007 103.171013 112.190144 67.718808 18.264054 36.659295 26.592057 65.466405 57.533404 28.780611 33.640351 27.724502 46.356529 45.640304 65.862943 49.777170
225.470195 2606.848493 927.092283 230.324070 1062.269714 798.192523 825.767368 308.774936 92.737752 132.959020 96.483612 240.693398 187.271170 86.418464 115.770538 74.782748 128.687377 151.901132 142.827796 162.570222
216.084764 919.638018 2460.641277 116.246314 492.793929 411.736798 502.873016 235.297922 78.581586 115.842456 78.841889 237.338744 182.319553 120.979416 126.900473 116.447469 170.160587 217.946582 205.876616 189.146220
41.082416 221.016033 119.490946 418.210615 592.250732 401.929005 438.877753 176.845886 47.069654 65.624826 32.674294 151.968222 96.627741 48.670120 80.389384 33.517024 78.918918 49.647419 73.611972 83.033524
179.122147 1060.840542 499.051695 591.559107 5466.887021 2410.330839 2489.003909 631.471327 169.643462 237.721838 185.258590 530.604497 310.816470 176.812309 215.597071 143.098657 254.686966 163.124303 307.978985 294.304281
106.423048 809.226851 414.417723 410.642971 2436.387659 4490.157475 3611.520169 591.963649 149.029398 178.945274 177.323271 559.843246 276.554137 133.840352 167.821425 106.725302 246.753970 140.673902 245.217979 261.914303
120.602681 831.597711 512.829599 455.365384 2523.870019 3627.150726 7386.072442 1289.511355 324.434006 356.933262 253.132841 1045.668076 513.292698 235.821471 270.713136 182.738349 440.925457 211.491736 380.076771 465.799336
62.377321 290.901763 213.545093 171.993398 585.446173 550.897308 1223.913279 2594.052467 236.446236 692.702902 181.221459 535.812095 637.795389 152.002596 167.789236 153.213485 243.291626 118.014294 249.352697 245.790701
19.733554 92.423453 78.425608 50.675208 166.542977 141.708119 315.786404 237.675672 887.128780 91.193591 29.795083 159.672839 115.772569 39.033199 31.963484 20.709818 35.128499 32.902943 46.192223 42.158198
17.843992 94.797423 84.495925 50.093412 168.020564 129.522742 261.951168 647.649939 87.211232 3043.659015 48.977252 210.057414 297.960222 89.898486 74.722189 104.186713 112.604336 60.195505 111.458180 111.205310
17.543819 67.765961 53.055625 23.192766 128.677924 114.785204 181.462605 164.119474 29.567910 53.004969 824.337721 132.038789 118.854836 53.316146 55.902808 75.083894 111.597281 37.796318 104.069498 115.800306
66.292229 234.810299 226.032894 154.907291 524.079860 526.302185 975.987221 534.911358 157.648732 257.713115 165.706446 2590.548941 844.860692 306.580135 318.574995 262.715201 526.445394 196.042274 439.530288 528.205160
51.843508 158.331900 152.307381 94.430100 267.204142 232.269166 464.533324 626.303293 104.036018 335.220920 124.343307 828.730793 1527.717567 249.219692 217.195622 250.821264 339.881712 162.668416 301.861008 333.249086
23.299739 72.293479 108.459510 36.905854 141.338945 103.631273 189.368491 142.718766 36.570982 93.583299 58.994998 271.250285 251.729428 894.067114 123.791016 244.144443 181.840497 117.714921 163.070011 190.842002
30.797468 99.548037 122.924254 76.515341 211.144139 150.504217 233.584842 165.388303 32.443383 100.666316 69.192973 318.764148 237.738214 139.357512 758.117971 141.925872 356.100393 132.309331 299.699851 345.894524
21.306412 53.572194 88.330367 26.823418 95.508456 70.687510 129.603535 142.960415 18.216066 113.375310 68.859211 230.634548 240.431199 236.170057 123.929618 1829.040123 388.447066 92.738974 169.201339 186.157831
42.814472 111.298560 147.580772 73.822840 231.197263 215.829358 391.482565 234.267822 33.339129 151.907921 139.567244 494.780242 355.808654 197.643223 349.727417 421.947139 1870.763262 150.482315 364.269581 473.319403
42.609738 140.075977 205.285156 48.081638 148.883673 128.992874 191.432883 121.620836 29.795700 77.514773 53.208639 190.185348 165.630676 129.018108 141.120548 106.771990 149.428119 941.968173 186.145948 162.461494
66.769017 133.855585 191.516410 74.499554 296.444864 228.232860 357.451616 248.803209 38.967636 150.842971 122.801434 420.343637 328.437470 184.830705 296.732154 185.038980 381.637376 185.497254 1926.453119 751.400313
42.788951 140.381217 169.700491 82.567242 264.981434 236.304100 408.801167 241.939080 37.119143 153.736591 144.682137 521.947380 346.054749 235.596497 345.831703 214.556280 486.654577 169.129310 726.983288 1620.744433

aa_loop 2
145.817248
535.494095
507.668555
194.260294
984.554850
915.108258
1329.660288
527.392032
184.189926
422.094690
258.524385
688.053785
526.369950
320.225061
346.560217
365.412330
610.596673
244.622694
549.121529
649.122938

ss_pair 2
2965.581507
126742.111780
16821.693301

ss_loop 2
0.000000
10304.849799
0.000000
aa_pair 3
816.348813 211.405005 212.777253 42.415571 145.038370 76.319120 76.175131 98.931696 15.034539 110.976801 84.367223 74.651615 90.387729 60.675959 55.677466 70.158047 85.891301 56.775593 75.682352 62.046921
201.177408 1911.412077 648.277912 175.205213 738.436727 350.381296 361.053899 305.998604 56.320564 295.677502 263.732729 223.251452 234.147563 196.026369 129.976965 187.557434 208.456878 161.276133 174.537546 193.049547
205.069447 644.108124 1713.219041 112.258004 424.728040 224.864480 259.254825 305.390472 56.727557 331.017955 244.789230 217.598454 294.031357 257.082755 155.300002 267.516893 234.611802 229.790784 212.726979 230.684811
44.538934 181.282214 111.043971 572.297456 506.452775 248.271682 253.421532 243.492607 42.904705 188.304275 175.484587 182.041754 191.967902 131.785188 128.354319 136.090859 153.223234 68.831741 153.820987 169.121618
146.202656 714.792323 401.656484 506.347327 4021.115347 1116.320957 1042.347952 730.644026 132.903465 548.291995 638.844021 572.089432 495.983300 359.423245 343.404268 384.485555 438.649189 229.649155 430.061223 514.453530
69.123408 338.131838 215.123150 241.442026 1092.317315 1536.881721 1084.266841 409.424786 71.111421 262.676189 332.036635 349.453484 264.665825 177.201634 156.030702 216.037164 248.833157 114.528167 216.382642 235.859955
65.400705 342.361439 244.478707 236.490368 1015.995454 1075.192640 1893.859345 773.608004 123.900445 406.089203 555.967471 594.825571 412.833414 270.237429 238.198615 347.249991 393.153886 155.065379 328.619146 361.339569
105.751103 316.455649 321.410402 246.624501 767.829655 435.589562 813.858421 3263.718252 246.842774 1455.519049 1050.450520 846.164883 1262.309384 631.025035 434.298790 772.596517 778.552762 246.244286 561.222201 732.861413
14.473168 57.154436 58.079644 43.679284 141.672781 76.504268 132.159542 254.214723 1239.546494 168.715143 115.546067 127.193289 171.100239 95.904063 39.712482 106.287929 74.315712 40.709453 65.782814 72.161902
137.848146 363.242273 391.250057 218.273957 683.957108 335.644429 532.107014 1582.846191 175.506170 15986.501204 1034.631760 919.592062 1584.484956 1492.094881 642.298751 1542.793330 1118.917225 453.853673 819.645800 1130.789534
100.165590 310.744941 289.429483 191.771964 735.809725 418.042922 638.511448 1129.048476 119.026124 1013.917188 7818.572471 768.049100 1014.719965 589.665120 458.608731 925.376436 929.768015 266.307272 594.807125 891.960798
84.312390 234.376366 237.944346 189.604163 633.335232 397.864800 679.472723 872.447443 134.090834 849.290607 734.294533 3147.855020 1581.369051 775.401696 430.991423 880.200726 710.358342 242.727278 526.941435 763.055391
102.657807 280.669999 331.247310 193.813173 579.208833 323.992909 487.603337 1325.067630 183.797213 1500.100283 1000.167741 1605.073375 3730.892246 1079.552484 525.758048 1300.574290 952.181176 351.399011 684.951442 888.012197
69.036270 227.122996 287.357335 149.833806 425.730137 221.920526 332.293170 681.896329 102.346054 1472.160896 595.293466 821.628327 1092.725106 3471.031308 518.663818 1537.878856 767.094859 400.492849 589.514743 868.488627
58.195642 146.555439 165.391488 135.033580 349.615297 177.968762 264.833383 443.658274 41.471585 566.514254 415.848813 419.318374 493.266251 471.469950 958.214758 530.156504 675.767124 242.785091 433.915581 624.719527
76.956388 218.272121 296.089999 155.957244 472.675502 254.605447 415.261387 827.550773 110.524270 1507.364127 909.277345 896.895729 1297.302641 1529.705231 571.725953 6248.557782 1562.023092 351.784803 598.079247 935.439546
84.920450 216.244125 244.404468 148.371171 452.453188 258.722523 434.975346 770.716588 71.290518 989.111999 843.150766 697.654641 892.506226 695.898083 672.386011 1472.944092 2818.695511 290.485257 620.838865 1012.818763
60.082852 169.616477 231.980947 73.249039 265.243631 132.373405 183.568392 247.777007 44.380754 405.743260 243.394785 245.058067 341.681296 376.634270 238.569111 330.150468 298.479345 1564.293822 289.746913 303.549500
74.831201 178.940578 222.779075 155.954111 452.625412 232.782281 342.726190 551.304860 67.500756 719.905707 541.561489 530.247214 625.120462 541.781212 442.676959 548.208663 600.984502 282.931421 2688.375601 1130.536704
66.993397 214.124828 256.023880 177.227036 565.651029 275.730265 412.832865 764.353874 81.927257 1008.197923 822.988869 731.663818 838.153833 799.364114 630.401352 880.222269 1015.051198 282.628863 1148.320821 2671.274509

aa_loop 3
918.136848
2385.368098
2375.428886
1675.023134
4994.396352
2608.597431
3681.780099
6348.156524
899.777407
10547.157594
7708.921440
5267.892655
7545.462970
5555.963984
3359.669232
7326.747193
6597.186637
2234.431045
4264.693692
6412.703952

ss_pair 3
17516.152206
16821.693301
202997.208883

ss_loop 3
0.000000
0.000000
92707.495176
tran_begin
0.164574311665
0.417712844167
0.417712844167

tran_match
   0.96273    0.01814    0.01814    0.00100
   0.98067    0.01206    0.00727    0.00000
   0.98703    0.00805    0.00492    0.00001
   0.93117    0.02997    0.03632    0.00254

tran_x
   0.15382    0.82355    0.02262
   0.10099    0.89900    0.00001
   0.13075    0.86915    0.00010
   0.17860    0.78677    0.03463

tran_y
   0.15382    0.82355    0.02262
   0.10099    0.89900    0.00001
   0.13075    0.86915    0.00010
   0.17860    0.78677    0.03463

aa_pair 0
0.004901 0.001125 0.001108 0.000263 0.001030 0.000482 0.000511 0.000564 0.000089 0.000325 0.000244 0.000327 0.000355 0.000238 0.000262 0.000253 0.000395 0.000264 0.000393 0.000331
0.001125 0.011664 0.003939 0.001172 0.005411 0.002778 0.002820 0.001893 0.000371 0.000911 0.000766 0.001114 0.000985 0.000666 0.000657 0.000654 0.000942 0.000770 0.000871 0.000931
0.001108 0.003939 0.010249 0.000668 0.002658 0.001563 0.001853 0.001713 0.000336 0.000974 0.000687 0.001043 0.001136 0.000912 0.000786 0.000899 0.001118 0.001147 0.001135 0.001097
0.000263 0.001172 0.000668 0.003064 0.003950 0.002067 0.001961 0.001513 0.000281 0.000610 0.000471 0.000912 0.000803 0.000478 0.000665 0.000459 0.000739 0.000336 0.000751 0.000790
0.001030 0.005411 0.002658 0.003950 0.032020 0.010451 0.009532 0.005354 0.000953 0.001882 0.001876 0.003093 0.002270 0.001429 0.001834 0.001506 0.002431 0.001159 0.002460 0.002616
0.000482 0.002778 0.001563 0.002067 0.010451 0.015006 0.010762 0.003370 0.000584 0.001024 0.001120 0.002220 0.001398 0.000794 0.000969 0.000838 0.001372 0.000645 0.001328 0.001427
0.000511 0.002820 0.001853 0.001961 0.009532 0.010762 0.020525 0.006175 0.001074 0.001700 0.001747 0.003784 0.002276 0.001214 0.001358 0.001301 0.002187 0.000852 0.001864 0.002148
0.000564 0.001893 0.001713 0.001513 0.005354 0.003370 0.006175 0.023101 0.001421 0.005757 0.002910 0.003981 0.005736 0.002321 0.002434 0.002955 0.004500 0.001150 0.002974 0.003720
0.000089 0.000371 0.000336 0.000281 0.000953 0.000584 0.001074 0.001421 0.004511 0.000544 0.000285 0.000672 0.000678 0.000293 0.000204 0.000275 0.000277 0.000167 0.000274 0.000288
0.000325 0.000911 0.000974 0.000610 0.001882 0.001024 0.001700 0.005757 0.000544 0.035742 0.002079 0.002324 0.003978 0.002982 0.001594 0.003199 0.002799 0.000999 0.001999 0.002600
0.000244 0.000766 0.000687 0.000471 0.001876 0.001120 0.001747 0.002910 0.000285 0.002079 0.016975 0.001775 0.002275 0.001263 0.001100 0.002050 0.002406 0.000614 0.001502 0.002113
0.000327 0.001114 0.001043 0.000912 0.003093 0.002220 0.003784 0.003981 0.000672 0.002324 0.001775 0.012169 0.005185 0.002336 0.001858 0.002521 0.003112 0.000944 0.002292 0.002999
0.000355 0.000985 0.001136 0.000803 0.002270 0.001398 0.002276 0.005736 0.000678 0.003978 0.002275 0.005185 0.011505 0.002941 0.002019 0.003500 0.003530 0.001165 0.002499 0.003075
0.000238 0.000666 0.000912 0.000478 0.001429 0.000794 0.001214 0.002321 0.000293 0.002982 0.001263 0.002336 0.002941 0.009204 0.001697 0.003755 0.002604 0.001176 0.001888 0.002618
0.000262 0.000657 0.000786 0.000665 0.001834 0.000969 0.001358 0.002434 0.000204 0.001594 0.001100 0.001858 0.002019 0.001697 0.005537 0.002203 0.003913 0.001032 0.002463 0.003173
0.000253 0.000654 0.000899 0.000459 0.001506 0.000838 0.001301 0.002955 0.000275 0.003199 0.002050 0.002521 0.003500 0.003755 0.002203 0.018086 0.006266 0.001092 0.002207 0.003112
0.000395 0.000942 0.001118 0.000739 0.002431 0.001372 0.002187 0.004500 0.000277 0.002799 0.002406 0.003112 0.003530 0.002604 0.003913 0.006266 0.017490 0.001318 0.003606 0.005333
0.000264 0.000770 0.001147 0.000336 0.001159 0.000645 0.000852 0.001150 0.000167 0.000999 0.000614 0.000944 0.001165 0.001176 0.001032 0.001092 0.001318 0.005801 0.001239 0.001213
0.000393 0.000871 0.001135 0.000751 0.002460 0.001328 0.001864 0.002974 0.000274 0.001999 0.001502 0.002292 0.002499 0.001888 0.002463 0.002207 0.003606 0.001239 0.013246 0.005753
0.000331 0.000931 0.001097 0.000790 0.002616 0.001427 0.002148 0.003720 0.000288 0.002600 0.002113 0.002999 0.003075 0.002618 0.003173 0.003112 0.005333 0.001213 0.005753 0.012804

aa_loop 0
0.010813
0.030421
0.028662
0.019210
0.071962
0.038212
0.050025
0.077476
0.010039
0.086053
0.064171
0.051983
0.069998
0.050717
0.040407
0.069570
0.083007
0.023154
0.051459
0.072663

ss_pair 0
0.363222
0.243072
0.393706

ss_loop 0
0.274528
0.072573
0.652899
aa_pair 1
0.004489 0.001148 0.001100 0.000349 0.001370 0.000508 0.000547 0.000791 0.000093 0.000221 0.000164 0.000261 0.000301 0.000247 0.000313 0.000250 0.000484 0.000258 0.000435 0.000400
0.001148 0.011479 0.003649 0.001373 0.006673 0.002403 0.002344 0.002403 0.000341 0.000551 0.000464 0.000948 0.000787 0.000542 0.000687 0.000602 0.001054 0.000688 0.000949 0.000940
0.001127 0.003702 0.009155 0.000794 0.003128 0.001396 0.001621 0.002246 0.000307 0.000641 0.000414 0.000795 0.000952 0.000783 0.000876 0.000721 0.001229 0.001113 0.001214 0.001103
0.000332 0.001388 0.000785 0.003912 0.005856 0.002720 0.002238 0.002246 0.000364 0.000521 0.000346 0.000985 0.000892 0.000493 0.000877 0.000489 0.000975 0.000384 0.001029 0.001023
0.001351 0.006788 0.003205 0.005860 0.044822 0.012668 0.010115 0.008519 0.001241 0.001592 0.001401 0.003479 0.002564 0.001484 0.002496 0.001737 0.003527 0.001397 0.003402 0.003508
0.000526 0.002408 0.001428 0.002712 0.012658 0.013787 0.008184 0.004705 0.000604 0.000802 0.000758 0.001959 0.001377 0.000765 0.001188 0.000834 0.001515 0.000610 0.001547 0.001655
0.000558 0.002403 0.001643 0.002240 0.010076 0.008154 0.014125 0.007577 0.000909 0.001197 0.001115 0.002925 0.002035 0.001032 0.001414 0.001161 0.002213 0.000671 0.001894 0.002136
0.000784 0.002436 0.002273 0.002254 0.008559 0.004773 0.007693 0.036847 0.001704 0.006038 0.002387 0.004649 0.007114 0.002815 0.003952 0.003909 0.007723 0.001504 0.004487 0.005772
0.000089 0.000338 0.000301 0.000344 0.001215 0.000613 0.000911 0.001665 0.002705 0.000309 0.000122 0.000541 0.000557 0.000190 0.000234 0.000177 0.000264 0.000123 0.000242 0.000271
0.000184 0.000417 0.000509 0.000455 0.001291 0.000694 0.001055 0.005662 0.000297 0.011491 0.000776 0.001240 0.002355 0.000984 0.001115 0.001285 0.002082 0.000402 0.001250 0.001486
0.000133 0.000380 0.000328 0.000315 0.001217 0.000651 0.001065 0.002106 0.000107 0.000852 0.007261 0.000776 0.001086 0.000541 0.000678 0.001075 0.001868 0.000301 0.000944 0.001214
0.000213 0.000924 0.000753 0.000937 0.003229 0.001891 0.002857 0.004533 0.000518 0.001344 0.000777 0.007296 0.003195 0.001491 0.001692 0.001720 0.002919 0.000596 0.001896 0.002359
0.000271 0.000706 0.000919 0.000894 0.002383 0.001308 0.001917 0.006879 0.000553 0.002571 0.001128 0.003161 0.007660 0.002028 0.002166 0.002551 0.003818 0.000859 0.002374 0.002889
0.000234 0.000465 0.000702 0.000464 0.001343 0.000699 0.000960 0.002625 0.000172 0.001059 0.000489 0.001441 0.001956 0.005405 0.001739 0.002199 0.002834 0.000871 0.001761 0.002369
0.000315 0.000685 0.000848 0.000864 0.002488 0.001167 0.001462 0.003920 0.000224 0.001343 0.000813 0.001744 0.002220 0.001884 0.007404 0.002994 0.006062 0.001127 0.003432 0.004303
0.000248 0.000559 0.000719 0.000429 0.001552 0.000823 0.001093 0.003704 0.000169 0.001405 0.001177 0.001790 0.002613 0.002273 0.002887 0.012903 0.008342 0.000975 0.002571 0.003446
0.000505 0.001098 0.001288 0.001020 0.003571 0.001611 0.002248 0.007800 0.000286 0.002495 0.002136 0.003121 0.004018 0.003087 0.006106 0.008596 0.026735 0.001615 0.005428 0.007895
0.000257 0.000704 0.001161 0.000370 0.001299 0.000582 0.000633 0.001480 0.000121 0.000543 0.000336 0.000612 0.000890 0.000928 0.001106 0.001010 0.001583 0.004526 0.001237 0.001212
0.000435 0.000970 0.001233 0.001015 0.003351 0.001550 0.001933 0.004535 0.000267 0.001526 0.001101 0.001968 0.002526 0.001879 0.003405 0.002727 0.005440 0.001271 0.015392 0.007243
0.000410 0.000945 0.001076 0.000988 0.003408 0.001590 0.002161 0.005646 0.000249 0.001852 0.001397 0.002531 0.003058 0.002481 0.004277 0.003568 0.007824 0.001277 0.007273 0.015650

aa_loop 1
0.012092
0.035882
0.030442
0.022022
0.108748
0.048796
0.053663
0.105836
0.008760
0.032058
0.029357
0.036563
0.047906
0.033997
0.052110
0.056088
0.117459
0.020745
0.063953
0.083523

ss_pair 1
0.906458
0.013544
0.079998

ss_loop 1
0.999974
0.000013
0.000013
aa_pair 2
0.007884 0.001469 0.001463 0.000270 0.001202 0.000704 0.000766 0.000462 0.000125 0.000250 0.000182 0.000447 0.000393 0.000196 0.000230 0.000189 0.000316 0.000312 0.000450 0.000340
0.001539 0.017790 0.006327 0.001572 0.007249 0.005447 0.005635 0.002107 0.000633 0.000907 0.000659 0.001643 0.001278 0.000590 0.000790 0.000510 0.000878 0.001037 0.000975 0.001110
0.001475 0.006276 0.016792 0.000793 0.003363 0.002810 0.003432 0.001606 0.000536 0.000791 0.000538 0.001620 0.001244 0.000826 0.000866 0.000795 0.001161 0.001487 0.001405 0.001291
0.000280 0.001508 0.000816 0.002854 0.004042 0.002743 0.002995 0.001207 0.000321 0.000448 0.000223 0.001037 0.000659 0.000332 0.000549 0.000229 0.000539 0.000339 0.000502 0.000567
0.001222 0.007240 0.003406 0.004037 0.037308 0.016449 0.016986 0.004309 0.001158 0.001622 0.001264 0.003621 0.002121 0.001207 0.001471 0.000977 0.001738 0.001113 0.002102 0.002009
0.000726 0.005523 0.002828 0.002802 0.016627 0.030643 0.024646 0.004040 0.001017 0.001221 0.001210 0.003821 0.001887 0.000913 0.001145 0.000728 0.001684 0.000960 0.001674 0.001787
0.000823 0.005675 0.003500 0.003108 0.017224 0.024753 0.050405 0.008800 0.002214 0.002436 0.001728 0.007136 0.003503 0.001609 0.001848 0.001247 0.003009 0.001443 0.002594 0.003179
0.000426 0.001985 0.001457 0.001174 0.003995 0.003760 0.008353 0.017703 0.001614 0.004727 0.001237 0.003657 0.004353 0.001037 0.001145 0.001046 0.001660 0.000805 0.001702 0.001677
0.000135 0.000631 0.000535 0.000346 0.001137 0.000967 0.002155 0.001622 0.006054 0.000622 0.000203 0.001090 0.000790 0.000266 0.000218 0.000141 0.000240 0.000225 0.000315 0.000288
0.000122 0.000647 0.000577 0.000342 0.001147 0.000884 0.001788 0.004420 0.000595 0.020771 0.000334 0.001434 0.002033 0.000614 0.000510 0.000711 0.000769 0.000411 0.000761 0.000759
0.000120 0.000463 0.000362 0.000158 0.000878 0.000783 0.001238 0.001120 0.000202 0.000362 0.005626 0.000901 0.000811 0.000364 0.000382 0.000512 0.000762 0.000258 0.000710 0.000790
0.000452 0.001603 0.001543 0.001057 0.003577 0.003592 0.006661 0.003651 0.001076 0.001759 0.001131 0.017679 0.005766 0.002092 0.002174 0.001793 0.003593 0.001338 0.003000 0.003605
0.000354 0.001081 0.001039 0.000644 0.001824 0.001585 0.003170 0.004274 0.000710 0.002288 0.000849 0.005656 0.010426 0.001701 0.001482 0.001712 0.002320 0.001110 0.002060 0.002274
0.000159 0.000493 0.000740 0.000252 0.000965 0.000707 0.001292 0.000974 0.000250 0.000639 0.000403 0.001851 0.001718 0.006102 0.000845 0.001666 0.001241 0.000803 0.001113 0.001302
0.000210 0.000679 0.000839 0.000522 0.001441 0.001027 0.001594 0.001129 0.000221 0.000687 0.000472 0.002175 0.001622 0.000951 0.005174 0.000969 0.002430 0.000903 0.002045 0.002361
0.000145 0.000366 0.000603 0.000183 0.000652 0.000482 0.000885 0.000976 0.000124 0.000774 0.000470 0.001574 0.001641 0.001612 0.000846 0.012482 0.002651 0.000633 0.001155 0.001270
0.000292 0.000760 0.001007 0.000504 0.001578 0.001473 0.002672 0.001599 0.000228 0.001037 0.000953 0.003377 0.002428 0.001349 0.002387 0.002880 0.012767 0.001027 0.002486 0.003230
0.000291 0.000956 0.001401 0.000328 0.001016 0.000880 0.001306 0.000830 0.000203 0.000529 0.000363 0.001298 0.001130 0.000881 0.000963 0.000729 0.001020 0.006428 0.001270 0.001109
0.000456 0.000914 0.001307 0.000508 0.002023 0.001558 0.002439 0.001698 0.000266 0.001029 0.000838 0.002869 0.002241 0.001261 0.002025 0.001263 0.002605 0.001266 0.013147 0.005128
0.000292 0.000958 0.001158 0.000564 0.001808 0.001613 0.002790 0.001651 0.000253 0.001049 0.000987 0.003562 0.002362 0.001608 0.002360 0.001464 0.003321 0.001154 0.004961 0.011061

aa_loop 2
0.014150
0.051965
0.049265
0.018851
0.095543
0.088804
0.129032
0.051179
0.017874
0.040961
0.025088
0.066770
0.051080
0.031075
0.033631
0.035460
0.059253
0.023739
0.053288
0.062992

ss_pair 2
0.020239
0.864960
0.114801

ss_loop 2
0.000049
0.999903
0.000049
aa_pair 3
0.003440 0.000891 0.000897 0.000179 0.000611 0.000322 0.000321 0.000417 0.000063 0.000468 0.000356 0.000315 0.000381 0.000256 0.000235 0.000296 0.000362 0.000239 0.000319 0.000261
0.000848 0.008054 0.002731 0.000738 0.003111 0.001476 0.001521 0.001289 0.000237 0.001246 0.001111 0.000941 0.000987 0.000826 0.000548 0.000790 0.000878 0.000680 0.000735 0.000813
0.000864 0.002714 0.007218 0.000473 0.001790 0.000947 0.001092 0.001287 0.000239 0.001395 0.001031 0.000917 0.001239 0.001083 0.000654 0.001127 0.000989 0.000968 0.000896 0.000972
0.000188 0.000764 0.000468 0.002411 0.002134 0.001046 0.001068 0.001026 0.000181 0.000793 0.000739 0.000767 0.000809 0.000555 0.000541 0.000573 0.000646 0.000290 0.000648 0.000713
0.000616 0.003012 0.001692 0.002133 0.016943 0.004704 0.004392 0.003079 0.000560 0.002310 0.002692 0.002410 0.002090 0.001514 0.001447 0.001620 0.001848 0.000968 0.001812 0.002168
0.000291 0.001425 0.000906 0.001017 0.004602 0.006476 0.004568 0.001725 0.000300 0.001107 0.001399 0.001472 0.001115 0.000747 0.000657 0.000910 0.001048 0.000483 0.000912 0.000994
0.000276 0.001443 0.001030 0.000996 0.004281 0.004530 0.007980 0.003260 0.000522 0.001711 0.002343 0.002506 0.001739 0.001139 0.001004 0.001463 0.001657 0.000653 0.001385 0.001523
0.000446 0.001333 0.001354 0.001039 0.003235 0.001835 0.003429 0.013751 0.001040 0.006133 0.004426 0.003565 0.005319 0.002659 0.001830 0.003255 0.003280 0.001038 0.002365 0.003088
0.000061 0.000241 0.000245 0.000184 0.000597 0.000322 0.000557 0.001071 0.005223 0.000711 0.000487 0.000536 0.000721 0.000404 0.000167 0.000448 0.000313 0.000172 0.000277 0.000304
0.000581 0.001531 0.001649 0.000920 0.002882 0.001414 0.002242 0.006669 0.000740 0.067357 0.004359 0.003875 0.006676 0.006287 0.002706 0.006500 0.004714 0.001912 0.003454 0.004764
0.000422 0.001309 0.001220 0.000808 0.003100 0.001761 0.002690 0.004757 0.000502 0.004272 0.032943 0.003236 0.004275 0.002485 0.001932 0.003899 0.003918 0.001122 0.002506 0.003758
0.000355 0.000988 0.001003 0.000799 0.002669 0.001676 0.002863 0.003676 0.000565 0.003578 0.003094 0.013263 0.006663 0.003267 0.001816 0.003709 0.002993 0.001023 0.002220 0.003215
0.000433 0.001183 0.001396 0.000817 0.002440 0.001365 0.002055 0.005583 0.000774 0.006321 0.004214 0.006763 0.015720 0.004549 0.002215 0.005480 0.004012 0.001481 0.002886 0.003742
0.000291 0.000957 0.001211 0.000631 0.001794 0.000935 0.001400 0.002873 0.000431 0.006203 0.002508 0.003462 0.004604 0.014625 0.002185 0.006480 0.003232 0.001687 0.002484 0.003659
0.000245 0.000618 0.000697 0.000569 0.001473 0.000750 0.001116 0.001869 0.000175 0.002387 0.001752 0.001767 0.002078 0.001987 0.004037 0.002234 0.002847 0.001023 0.001828 0.002632
0.000324 0.000920 0.001248 0.000657 0.001992 0.001073 0.001750 0.003487 0.000466 0.006351 0.003831 0.003779 0.005466 0.006445 0.002409 0.026328 0.006581 0.001482 0.002520 0.003941
0.000358 0.000911 0.001030 0.000625 0.001906 0.001090 0.001833 0.003247 0.000300 0.004168 0.003553 0.002940 0.003761 0.002932 0.002833 0.006206 0.011876 0.001224 0.002616 0.004267
0.000253 0.000715 0.000977 0.000309 0.001118 0.000558 0.000773 0.001044 0.000187 0.001710 0.001026 0.001033 0.001440 0.001587 0.001005 0.001391 0.001258 0.006591 0.001221 0.001279
0.000315 0.000754 0.000939 0.000657 0.001907 0.000981 0.001444 0.002323 0.000284 0.003033 0.002282 0.002234 0.002634 0.002283 0.001865 0.002310 0.002532 0.001192 0.011327 0.004763
0.000282 0.000902 0.001079 0.000747 0.002383 0.001162 0.001739 0.003221 0.000345 0.004248 0.003468 0.003083 0.003532 0.003368 0.002656 0.003709 0.004277 0.001191 0.004838 0.011255

aa_loop 3
0.009904
0.025730
0.025623
0.018068
0.053873
0.028138
0.039714
0.068475
0.009706
0.113768
0.083153
0.056823
0.081390
0.059930
0.036239
0.079031
0.071161
0.024102
0.046002
0.069171

ss_pair 3
0.073803
0.070877
0.855319

ss_loop 3
0.000005
0.000005
0.999989
